1.026513 0.540419 10.171123 0.009823 0.068443 0.063087
0.450882 -0.953516 8.869737 -0.000819 -0.004988 -0.001830
0.827773 2.153902 10.942886 -0.043388 -0.095447 -0.008216
2.966931 -0.374333 10.497325 -0.040195 0.062057 0.038610
-0.904461 -1.218179 6.993753 0.034300 0.043966 -0.047592
0.614575 -0.447547 9.454701 -0.013590 -0.050750 0.009876
3.336286 2.341802 13.204685 -0.054030 -0.069906 0.024775
-1.186048 -1.570765 10.169113 -0.046581 0.053544 0.010940
-2.086940 -1.904750 8.722054 0.026850 0.012039 -0.014601
4.450835 1.298209 11.665965 -0.007205 -0.089062 0.019454
-0.496310 1.655618 10.758412 -0.010397 0.019489 -0.030564
-0.034193 -0.282618 9.471849 0.019401 0.054608 -0.014601
1.673432 1.208430 10.451058 -0.013590 0.002461 0.033289
6.744842 -1.075363 8.724077 -0.005076 -0.101832 -0.073133
-0.587797 3.579177 10.727570 -0.038067 0.020553 -0.008216
-0.815483 -1.850223 9.611870 0.022594 0.095048 0.056702
-2.565606 0.594603 11.771386 -0.006140 -0.014566 -0.058234
3.453745 1.255640 11.622678 -0.012526 -0.089062 0.003491
-2.551791 0.076426 9.894587 -0.021039 -0.051814 0.002427
0.921565 -2.268524 9.787894 0.020465 0.041837 0.015197
-3.325504 -3.219031 9.944080 -0.010397 -0.029465 -0.082711
-0.903665 1.717727 10.120568 -0.024232 -0.052878 0.017326
1.088006 1.552008 8.494258 -0.042324 0.050351 0.032225
-1.483942 -0.291827 7.973358 0.028979 0.078021 0.013069
3.424160 -0.921076 10.177854 0.035364 -0.034787 0.062023
5.107185 2.634317 11.181076 -0.069993 -0.064585 -0.015665
-0.774316 0.154116 7.642900 -0.064672 0.096112 -0.015665
0.719409 -1.252127 7.670771 0.036428 0.048223 0.021583
2.611329 -0.453091 9.593535 -0.009333 -0.040108 0.006684
3.330182 0.491884 10.859614 -0.031682 -0.031594 -0.088032
-4.592486 1.384995 9.587160 -0.033810 0.084406 0.021583
-1.164724 -1.862203 8.444412 0.008759 0.065250 0.014133
2.095577 1.442275 11.293300 -0.007205 -0.081612 -0.005023
-1.039849 1.631592 8.393065 -0.056159 0.034388 -0.006087
-2.433402 -0.336935 7.086854 0.040685 0.074828 0.095014
-2.716933 0.021178 7.238129 0.010887 0.080149 0.012005
0.986217 1.998769 11.273536 -0.032746 -0.080548 -0.015665
2.003233 2.669041 11.692333 0.009823 0.017360 0.091821
1.200721 -0.204513 8.465798 0.010887 0.095048 -0.015665
1.965266 0.184655 11.421006 -0.023168 -0.011374 -0.002894
-0.686400 0.261850 9.997434 -0.041260 -0.077355 0.016262
-1.252368 0.679554 8.998086 -0.041260 -0.006053 0.008812
1.835014 -2.175683 10.600657 0.028979 0.056736 -0.051849
-0.571444 0.314073 8.529629 -0.001883 -0.042236 -0.003959
-2.377164 2.737011 7.978372 -0.051902 -0.040108 0.026904
-0.704011 -0.411335 8.773821 -0.039131 0.049287 0.019454
-5.524749 -0.815159 8.579206 0.025786 0.089727 0.098206
-1.595255 -1.575841 7.250636 0.023658 -0.058199 0.023711
-1.286000 1.266649 8.995707 -0.026360 -0.046493 -0.030564
1.067434 -2.557205 10.695767 -0.033810 0.069507 -0.002894
-1.989108 -0.150793 8.157213 0.002373 0.065250 0.065216
5.668160 1.732390 13.674612 -0.049773 -0.150787 -0.078454
2.436884 0.251127 10.393732 -0.012526 -0.127374 -0.040142
-4.032299 -1.999391 9.018096 -0.001883 0.087599 0.001362
0.071255 -2.358811 10.179768 0.009823 0.042901 -0.009280
-6.435208 2.261518 9.223226 -0.010397 -0.011374 -0.022050
-1.216639 1.727239 9.124266 -0.030617 0.015232 0.019454
-0.768181 0.555131 8.165622 -0.047645 0.122718 -0.001830
-1.262592 -1.599646 8.453672 -0.005076 0.039709 0.007748
1.726945 1.392361 11.650943 -0.044452 -0.095447 0.010940
0.021638 0.180407 9.868817 0.003438 0.000333 -0.079518
0.622573 -0.934624 8.041141 0.015144 0.058865 0.008812
-1.095119 0.008859 8.848771 0.001309 -0.010310 0.023711
2.257209 -0.648058 13.272347 -0.018911 -0.138016 0.009876
-1.879359 -1.415061 12.086645 -0.041260 -0.042236 -0.047592
-1.720840 -1.241106 10.851799 0.034300 0.036516 0.046060
-0.943106 -1.213287 7.646944 -0.000819 -0.000732 0.052445
-1.657948 1.553322 9.897417 -0.057223 -0.033722 -0.003959
-2.819479 1.783285 12.390881 -0.026360 0.010975 0.010940
-0.312197 -0.900700 8.931673 0.035364 0.119525 0.018390
-0.067676 0.216052 8.690244 -0.023168 -0.035851 -0.024179
0.987658 2.022191 8.498792 -0.044452 -0.062456 -0.024179
0.413326 0.378365 10.076666 -0.035938 0.118461 0.019454
0.290055 -1.874591 9.211217 0.006630 0.058865 0.009876
3.034542 -0.020973 11.647388 0.018337 -0.073098 -0.000766
2.388782 2.236744 10.526943 -0.047645 -0.091190 -0.015665
-2.151251 -1.625361 9.608027 -0.064672 0.095048 -0.052913
-2.614360 -2.444051 7.725042 0.061970 0.088663 0.029032
-2.764270 3.031064 10.227028 -0.034874 -0.091190 0.062023
-1.627295 0.417286 9.621750 -0.027425 -0.063521 -0.028436
-1.010232 -0.781051 9.224244 -0.001883 0.085470 0.012005
4.627017 0.279189 12.236469 -0.037003 0.029067 0.014133
-0.094469 1.681903 11.971162 -0.040195 0.005654 -0.012472
1.173493 0.705115 10.703720 -0.046581 -0.039043 -0.035885
0.026132 -3.146740 7.685086 0.028979 0.119525 0.048188
2.923627 -3.245763 7.524815 -0.005076 0.021617 -0.002894
-0.461926 3.092239 10.476039 -0.087021 -0.058199 -0.059298
-2.096281 0.744610 10.786880 -0.013590 -0.035851 -0.006087
-0.521860 -1.158483 8.156563 0.011951 0.120589 0.075858
-1.643714 -1.439699 7.827797 -0.014654 0.071635 0.010940
-3.392026 3.343927 10.108849 0.009823 -0.039043 0.025840
-2.036843 1.458028 10.000829 -0.028489 0.025874 -0.019922
-2.077979 -2.329984 6.011404 0.036428 0.057801 -0.041206
1.566808 1.026872 9.032461 -0.012526 -0.000732 0.031161
3.572679 3.131153 10.131415 -0.066801 -0.066713 -0.056105
1.743005 -3.323658 9.973037 0.044942 0.025874 -0.068876
-0.936404 -2.556428 10.580669 0.028979 0.108883 0.059895
-0.201176 -0.817534 6.936468 -0.030617 -0.032658 0.000298
-2.272243 2.443160 6.294299 -0.038067 -0.069906 -0.050784
-3.271004 0.255763 10.294009 -0.024232 0.017360 -0.005023
0.412293 -2.807622 10.107041 0.066227 0.073764 0.033289
4.264702 1.355164 9.187637 -0.035938 -0.106089 0.021583
-3.325320 5.190575 7.061385 -0.068929 -0.007117 -0.016729
-2.160139 -1.542184 7.389163 0.020465 0.097177 0.023711
2.106660 -0.813208 9.879466 0.039621 0.006718 0.004555
-2.563460 0.179067 9.996721 -0.067865 0.005654 -0.062491
0.469620 0.927070 9.007877 -0.025296 -0.003924 0.023711
1.580702 0.871717 8.868557 0.011951 0.122718 -0.012472
0.783881 -0.791151 10.212968 0.007695 0.046094 -0.001830
1.067487 1.189702 11.223756 -0.041260 -0.127374 0.016262
0.372642 1.282881 10.152713 -0.047645 -0.002860 -0.026307
-1.916861 -1.432238 9.038583 -0.025296 0.095048 -0.080582
-0.575101 -2.105970 7.764277 0.027915 0.034388 0.074794
-0.584556 1.803620 10.779561 -0.042324 -0.091190 0.003491
-3.624198 0.344456 11.875175 -0.022104 0.098241 -0.028436
-2.527328 -2.155247 8.164835 0.037493 0.054608 0.052445
3.421302 -0.474944 9.258543 -0.060416 -0.056071 0.076922
0.700736 1.062738 7.307610 -0.052966 -0.073098 -0.046527
-1.531877 -1.634934 10.982944 -0.042324 0.037580 -0.034821
-1.578926 -3.140931 10.184354 -0.000819 0.115268 0.037546
3.691396 -1.710868 11.741679 -0.057223 -0.099704 -0.093353
-2.003942 0.255030 8.850923 -0.017847 -0.074163 -0.018858
2.161807 -1.152236 9.114614 0.002373 0.051415 0.007748
0.755554 -2.619231 10.065307 0.032172 0.073764 -0.008216
-2.610803 1.025813 6.963022 -0.028489 -0.055007 -0.034821
0.633772 4.201215 8.490984 -0.074250 0.010975 0.052445
1.123605 -0.053912 9.850599 -0.011461 0.072700 -0.003959
-2.496437 -2.730167 9.682870 0.001309 0.055672 -0.008216
2.996484 -1.617823 9.829658 -0.011461 -0.079484 -0.013537
1.248563 -0.283151 9.321157 -0.046581 0.005654 -0.078454
-4.357419 -1.004497 6.444489 0.016208 0.105690 -0.025243
0.345442 -1.082115 10.318554 -0.025296 0.000333 0.052445
3.252144 0.098038 10.217903 -0.031682 -0.042236 0.022647
-0.952024 -0.134002 11.279448 -0.039131 -0.035851 -0.077390
2.812716 -1.269188 10.655904 0.031107 0.006718 0.042867
3.626910 -1.973500 10.857710 -0.015718 -0.003924 0.013069
-5.076663 4.595245 10.842979 -0.066801 -0.020952 -0.043335
-2.396517 2.615680 10.323055 -0.042324 0.069507 0.025840
-0.920056 -1.043894 7.395219 -0.004012 0.088663 0.049252
2.351123 -1.713235 8.525916 0.021529 -0.070970 -0.007151
-0.880367 3.483353 7.716765 -0.064672 -0.017759 0.021583
1.830612 0.117695 10.220904 -0.013590 0.108883 -0.024179
-1.004271 -2.310905 8.606351 0.024722 0.108883 -0.010344
1.301222 -0.908441 9.299829 -0.018911 -0.070970 -0.012472
3.829879 3.465148 10.041942 -0.078507 -0.124181 0.033289
-0.614931 -2.150868 10.458133 0.003438 0.037580 -0.006087
0.201725 -2.669286 9.075422 0.049199 0.071635 -0.007151
2.343342 1.766473 9.602612 -0.034874 -0.122053 0.017326
-0.437666 1.550271 8.770153 -0.029553 -0.022016 -0.029500
-0.678659 -0.272712 10.125657 0.010887 0.060993 -0.014601
0.351131 -1.594917 12.199998 0.008759 0.082278 0.056702
3.731209 -0.336134 12.495091 -0.043388 -0.042236 -0.051849
-2.611799 1.145087 6.637575 -0.059351 0.026938 -0.022050
2.256599 -1.677482 8.014884 0.010887 0.074828 0.001362
-0.013141 -0.693007 10.091887 0.007695 0.088663 -0.008216
-2.484988 -0.095432 9.878123 -0.032746 -0.080548 -0.043335
2.808055 3.632689 10.542636 -0.030617 -0.036915 0.047124
-1.312966 -0.630698 8.486938 -0.030617 0.103562 0.004555
-0.160040 -0.912068 12.851923 -0.024232 -0.066713 0.004555
-3.192849 2.358525 12.026414 -0.072122 -0.084805 -0.043335
0.098051 0.996455 9.192111 0.005566 -0.002860 -0.035885
-3.443619 -2.744778 5.491858 0.024722 0.130167 -0.005023
-0.750799 0.781885 8.431781 -0.008269 -0.014566 0.014133
0.256549 0.399941 10.299525 -0.060416 -0.095447 0.016262
-0.665563 -2.148361 11.089909 -0.044452 0.048223 -0.068876
0.322422 -0.015658 8.294608 -0.019975 0.071635 -0.014601
3.844386 -1.231472 10.288304 -0.028489 -0.031594 0.053509
-2.711110 1.973963 11.136887 -0.018911 -0.074163 -0.025243
-0.675234 2.527043 12.499377 0.009823 0.045030 0.020518
-0.473982 0.681678 9.285424 -0.025296 0.080149 0.025840
-1.494651 -1.969380 8.980333 -0.038067 -0.041172 -0.002894
2.666454 -0.030937 8.106610 -0.024232 -0.093319 0.031161
4.567008 -1.210414 9.449430 0.003438 0.057801 0.055638
7.005477 -1.834097 10.482689 0.002373 0.041837 -0.048656
-1.114259 -1.205898 8.663223 -0.024232 -0.032658 -0.002894
3.530037 0.396054 9.040438 -0.058287 -0.079484 0.019454
1.595605 -0.144672 10.569400 -0.008269 0.055672 -0.063555
-1.748603 -5.379087 12.219432 0.063034 0.051415 0.020518
2.200065 1.745563 12.814062 -0.066801 -0.146530 0.056702
-4.946301 3.348971 7.937749 -0.042324 -0.003924 -0.019922
-3.383087 -1.780060 9.205317 0.030043 0.113140 0.000298
-0.344592 -3.160186 12.238115 0.027915 0.034388 0.042867
-2.298318 -0.159909 10.085336 -0.057223 -0.072034 -0.001830
1.790380 3.208197 9.931449 -0.048709 -0.049686 -0.053977
2.543492 -1.302868 8.298478 0.008759 0.101434 -0.031628
2.135183 -2.686546 10.409019 0.014080 -0.002860 0.020518
0.038871 0.569569 10.923715 -0.045516 -0.039043 -0.007151
-1.621710 0.500728 9.094387 -0.029553 0.024810 -0.034821
3.914716 0.336405 10.082076 0.003438 0.093984 0.036482
1.190876 -2.944040 9.624650 0.002373 -0.019888 -0.003959
-1.142423 1.059117 9.946348 -0.035938 -0.075227 -0.049720
2.100036 3.508889 10.649841 -0.018911 0.015232 0.010940
-1.527948 -1.492440 6.623674 0.014080 0.124846 -0.016729
2.231243 -1.832289 9.931930 -0.026360 -0.008181 0.036482
2.499946 3.561061 9.567717 -0.058287 -0.094383 -0.013537
1.665911 -0.023314 8.521818 0.031107 0.007782 -0.040142
2.209846 -2.732533 6.560688 0.000245 0.083342 0.009876
4.140625 -0.160257 8.963726 -0.056159 -0.023080 0.012005
2.054867 2.616210 9.761078 -0.059351 -0.093319 -0.008216
-0.872845 1.421771 10.016081 -0.017847 0.075892 -0.031628
2.891715 -3.159622 8.862222 -0.000819 0.091856 0.026904
1.530815 -0.072940 11.262911 -0.081700 -0.042236 0.018390
-0.615340 0.956545 11.558548 -0.038067 -0.049686 0.003491
-1.896082 1.519634 7.568589 0.047071 0.048223 0.020518
2.961538 -1.820361 11.722912 -0.004012 0.048223 -0.008216
1.215893 -0.292514 10.385348 -0.038067 -0.053943 -0.016729
-1.986372 2.262171 9.423822 -0.112562 -0.066713 -0.029500
-0.160144 -0.538296 7.140937 0.043878 0.070571 -0.045463
2.372723 -4.777584 8.154892 0.055584 0.070571 0.037546
-0.561003 2.008578 9.069199 -0.120012 0.007782 0.005619
1.992581 1.666238 8.720214 -0.042324 -0.013502 -0.046527
-4.161892 0.236435 6.594919 0.039621 0.125911 0.022647
3.982660 -3.026617 7.568311 0.055584 0.003525 0.033289
0.101810 2.464135 9.045063 -0.050838 -0.049686 0.032225
0.934637 0.922368 10.615162 -0.046581 -0.062456 -0.045463
-1.799311 -1.017246 7.692001 0.068355 0.075892 0.027968
0.701429 0.220710 9.885052 -0.011461 0.063122 0.022647
-0.409290 2.225905 10.414288 -0.069993 -0.110346 -0.015665
0.406051 -0.812403 10.691749 -0.039131 -0.074163 -0.046527
-0.758663 -2.843079 9.331552 0.003438 0.036516 -0.035885
4.600261 -3.322152 11.568265 0.004502 0.090791 0.070537
2.891296 2.534955 11.129488 -0.077443 -0.069906 -0.063555
0.787773 2.939127 11.237474 0.032172 -0.028401 0.036482
0.220897 -1.022299 10.966752 0.042814 0.081213 0.030096
3.602921 -1.092726 11.748646 -0.045516 -0.022016 -0.044399
1.058893 1.439955 9.128453 -0.065737 -0.133759 0.009876
3.441360 2.956848 9.242516 0.000245 0.008846 0.015197
-2.007277 -2.236331 9.822155 0.000245 0.082278 -0.077390
6.534512 0.867359 8.837806 0.039621 -0.022016 0.017326
-1.191193 3.046824 8.214678 -0.093406 -0.016695 0.001362
-1.560261 0.662698 7.286727 -0.008269 0.021617 -0.015665
0.989159 -0.123247 8.721767 0.083254 0.069507 0.037546
2.272236 -2.400544 8.371161 -0.012526 0.000333 0.098206
-0.205389 1.380783 9.063004 -0.039131 -0.033722 -0.048656
-1.092645 2.586220 8.412068 0.001309 -0.023080 0.021583
1.796653 -2.588424 11.294167 0.018337 0.041837 0.031161
5.541200 -1.183969 13.089373 -0.047645 0.023745 -0.043335
2.650646 3.787749 9.748739 -0.002948 -0.032658 0.027968
-1.448807 2.925081 7.372932 -0.058287 -0.011374 0.007748
0.336134 -3.287413 9.280020 0.046006 0.036516 -0.013537
-1.515595 1.116483 9.579423 -0.044452 -0.049686 0.004555
-4.864806 2.972145 9.660267 0.000245 0.003525 0.035417
3.276237 1.749413 9.707471 -0.007205 0.009911 0.008812
-4.602793 -3.152159 7.070605 -0.024232 0.088663 0.071601
1.678071 -0.882338 9.303304 0.058777 -0.026273 0.022647
-0.120468 3.471588 10.660016 -0.013590 -0.014566 -0.002894
-1.487628 -0.902596 9.080299 0.006630 0.024810 -0.009280
-1.303465 -1.090919 10.864913 -0.016783 0.037580 0.008812
2.110510 0.530375 9.746654 -0.042324 -0.050750 0.003491
-0.967956 1.137693 9.260306 -0.059351 0.003525 -0.040142
-1.794644 -3.286223 11.438044 0.043878 0.049287 0.029032
0.763842 -0.791065 10.702293 -0.000819 0.016296 0.025840
-0.238529 0.815195 9.072321 -0.068929 -0.022016 -0.028436
0.473662 0.387665 8.684717 0.007695 0.029067 0.039674
-1.833999 1.257482 10.010888 0.004502 0.025874 -0.017793
1.954700 -1.101493 12.530197 -0.024232 0.030131 0.027968
2.610760 2.823499 9.026275 0.002373 0.025874 0.026904
5.323277 1.953618 8.307067 0.035364 0.008846 0.041803
2.220825 0.196115 9.088867 -0.000819 0.005654 0.002427
-0.012315 -1.694928 12.693060 -0.050838 -0.009245 -0.026307
1.785329 1.499535 10.420546 -0.042324 0.012039 0.016262
-0.748451 0.769949 8.417531 0.008759 -0.007117 -0.012472
0.140230 0.321130 9.660127 0.010887 0.030131 0.008812
1.314439 -4.068055 10.130843 -0.007205 0.009911 -0.009280
2.693320 2.131834 11.889054 -0.039131 -0.030530 -0.012472
-0.555353 1.099343 9.247244 -0.019975 -0.000732 -0.000766
0.103675 -0.680993 10.892820 0.020465 0.010975 0.026904
-0.255552 -0.924360 10.359595 -0.058287 0.003525 -0.096546
2.482128 -1.044538 11.828547 -0.001883 0.022681 0.031161
3.728974 2.491431 9.659015 -0.035938 -0.056071 -0.006087
5.061252 -0.323041 8.113519 0.001309 0.009911 -0.023115
1.167068 1.671455 9.449515 -0.017847 0.005654 -0.045463
-2.300914 1.316581 5.305769 -0.024232 0.043966 0.025840
1.152516 1.206198 10.121707 -0.021039 -0.015631 -0.000766
-1.757239 -0.973700 11.493159 -0.002948 0.007782 -0.015665
-3.573340 1.480091 9.839578 -0.014654 0.042901 0.042867
1.278395 0.659335 8.228597 -0.017847 0.004590 0.017326
-0.525660 0.326013 8.691307 -0.023168 0.005654 -0.010344
-1.543380 -0.052485 12.161482 0.023658 -0.033722 0.062023
-2.748700 -0.088242 9.416484 -0.012526 0.010975 -0.043335
1.137377 2.573789 10.841700 -0.059351 0.028002 0.000298
1.397373 -2.085144 8.577727 0.021529 -0.024144 -0.016729
1.164199 -0.295359 7.380010 -0.001883 0.025874 0.002427
3.593654 0.875816 9.655991 -0.074250 0.031195 -0.085904
-4.540552 0.578287 9.292604 -0.044452 0.013103 0.035417
-1.199194 -1.544705 8.936121 0.028979 -0.073098 0.046060
0.441551 1.547878 10.917912 -0.029553 -0.014566 -0.017793
0.472314 -0.673907 11.350016 -0.049773 0.085470 0.014133
-0.961030 -1.219855 11.314883 -0.037003 -0.004988 -0.029500
-0.885044 1.307206 9.906748 -0.006140 -0.047557 -0.003959
1.149854 2.022519 10.955679 -0.030617 -0.055007 0.020518
-0.727359 -1.967206 9.552716 -0.012526 0.026938 0.006684
2.366788 -1.326414 9.861135 -0.008269 -0.013502 -0.029500
-1.257862 1.934719 8.102652 -0.039131 -0.070970 0.023711
0.875173 -0.488449 8.025315 0.030043 0.054608 0.007748
0.140603 1.652462 7.515134 -0.023168 0.074828 -0.016729
-3.732140 1.938299 9.428204 -0.055094 0.048223 0.013069
-1.859384 -0.011852 11.766213 -0.051902 -0.068842 -0.016729
0.445835 0.024962 8.907887 -0.029553 0.031195 -0.011408
0.526444 -1.481279 6.900465 0.043878 0.097177 0.026904
1.024908 -1.443554 5.260350 0.033236 0.029067 -0.002894
2.524448 1.947901 10.389504 -0.056159 -0.055007 0.012005
-6.562270 -0.855318 8.576187 -0.022104 0.039709 -0.022050
-2.016672 0.159398 7.743821 0.015144 0.076956 0.041803
0.572335 -0.125437 8.917735 -0.017847 -0.058199 0.017326
-0.697002 1.280858 9.771879 -0.030617 -0.035851 -0.020986
-2.880424 -0.445943 10.817674 -0.015718 0.052479 -0.026307
-0.044106 -2.385196 9.058124 0.046006 0.068443 0.007748
2.340049 1.680508 9.279502 -0.071058 -0.049686 0.017326
1.475608 1.386857 6.433300 -0.067865 -0.074163 -0.039078
6.798300 0.388024 11.715399 -0.005076 0.062057 -0.051849
-0.633912 -1.623294 11.382287 0.013016 0.122718 0.041803
3.121073 0.826389 12.809464 -0.063608 -0.095447 -0.035885
3.611895 3.916374 10.599656 -0.039131 -0.086933 -0.005023
-1.749005 -0.377655 7.853793 -0.030617 0.076956 -0.027371
-0.453193 -1.248967 9.608266 0.019401 0.069507 -0.007151
1.790310 2.580528 9.822070 -0.004012 -0.097576 0.024775
0.651543 0.578856 10.820967 -0.050838 -0.065649 -0.073133
1.011676 -3.037192 8.685736 0.006630 0.080149 -0.023115
2.693939 -0.023590 9.353903 0.051328 0.047158 0.064151
3.222942 2.696985 10.372646 -0.050838 -0.081612 0.015197
2.302969 -0.376505 10.188939 -0.051902 -0.114603 0.007748
0.368288 -0.104340 6.016486 -0.025296 0.056736 -0.030564
4.634375 -3.291101 11.820188 0.056649 -0.007117 0.049252
-0.367442 1.799025 12.438390 -0.066801 -0.050750 -0.007151
2.002383 3.002984 10.628096 -0.045516 -0.102897 0.037546
-2.763344 -0.983476 7.544293 -0.013590 0.123782 0.013069
-0.261275 -2.800248 9.777247 -0.000819 0.001397 -0.019922
-2.846046 0.467891 9.644351 -0.029553 -0.064585 -0.001830
-0.840970 2.517238 10.462970 -0.043388 -0.035851 -0.003959
-0.223246 -4.282326 9.530056 0.064098 0.075892 0.015197
0.856424 0.356681 9.890274 -0.000819 0.039709 0.024775
3.304966 3.837650 10.028597 -0.033810 -0.143337 -0.055041
1.299070 -0.256896 9.468597 -0.015718 0.007782 -0.051849
2.489787 -2.524574 9.345788 0.003438 0.124846 -0.016729
-0.260069 -0.292166 8.896285 -0.038067 -0.028401 0.046060
4.699411 2.658088 9.576336 -0.047645 -0.107154 0.000298
-1.458393 0.433901 9.472578 -0.010397 0.023745 -0.016729
0.626785 -2.607507 8.439995 0.000245 0.115268 -0.002894
3.146752 1.010505 15.097313 -0.091278 -0.030530 -0.011408
-1.776222 3.336185 10.477012 -0.054030 -0.066713 -0.019922
-2.655556 -0.680139 9.378651 0.039621 0.097177 -0.014601
0.869079 -3.611878 11.236671 0.064098 0.069507 0.018390
-0.436902 -0.378030 8.769850 -0.028489 -0.043300 -0.042271
0.954412 4.327632 8.862535 -0.087021 -0.048621 0.000298
2.391933 -2.655930 8.487874 0.025786 0.055672 0.034353
3.098123 -2.884918 10.977187 0.040685 0.049287 0.020518
3.138460 0.616142 11.381720 -0.092342 -0.080548 -0.046527
-0.206543 0.051666 10.122329 -0.058287 -0.099704 -0.000766
-0.641851 -1.998546 7.790232 0.034300 0.089727 -0.011408
0.827892 -0.965198 11.377133 0.023658 0.042901 0.024775
1.917152 2.509295 12.414254 -0.057223 -0.070970 0.053509
-1.280237 0.877691 9.283114 -0.100856 -0.068842 -0.039078
-0.761259 -1.466173 8.628572 0.009823 0.030131 0.001362
3.039033 -2.035771 8.005221 0.046006 0.043966 0.030096
1.047391 1.600143 10.931558 -0.064672 -0.078420 -0.032693
-1.638531 1.166579 9.141956 -0.001883 0.024810 0.025840
-2.621911 -0.513079 9.488054 0.007695 0.111011 0.077986
0.870570 -0.982065 10.469759 -0.022104 -0.028401 0.029032
-0.828445 -0.649833 9.419595 -0.019975 -0.029465 -0.018858
2.947463 1.375265 12.238892 -0.012526 -0.066713 -0.017793
0.121046 -1.261028 10.227599 -0.009333 0.116333 0.024775
-0.348630 -1.709375 11.050512 -0.035938 -0.033722 0.016262
-1.983884 3.290914 10.417011 0.016208 -0.097576 -0.017793
-1.426730 2.944458 9.221251 -0.018911 0.007782 -0.024179
-1.521039 -3.095705 9.592995 -0.011461 0.131232 0.013069
2.250828 1.027094 12.129910 -0.009333 -0.055007 0.084372
0.061723 2.054078 11.601074 -0.031682 -0.092254 -0.007151
-2.230690 0.064186 8.769463 0.013016 0.029067 -0.017793
0.001991 -1.380429 9.462277 0.031107 0.076956 0.033289
3.447565 2.186065 9.629642 -0.055094 -0.064585 0.006684
5.704342 2.858204 9.876242 -0.045516 -0.125245 -0.002894
1.297654 1.144070 9.991458 0.013016 0.054608 -0.015665
2.402292 -3.672565 8.630282 0.014080 0.035452 0.042867
0.365134 -0.869815 9.738987 -0.034874 -0.101832 -0.033757
-0.001359 1.252160 11.125636 -0.046581 -0.114603 -0.061426
-0.268556 0.388066 9.350117 0.033236 0.031195 0.006684
-0.444599 -2.444690 9.121094 -0.012526 0.076956 0.048188
-1.230357 3.009252 11.956196 -0.077443 -0.128438 -0.069940
-4.131152 3.363067 8.564911 -0.013590 0.003525 0.082243
2.621860 0.031562 10.817100 0.015144 0.038645 -0.012472
1.218812 -0.376146 9.739169 0.020465 0.045030 0.037546
-0.113225 1.154237 10.374592 0.006630 -0.075227 0.010940
-0.936288 -0.355880 11.737957 -0.045516 -0.036915 -0.046527
-1.824376 0.734826 9.968072 -0.017847 0.104626 0.003491
-0.602659 -2.353842 9.731191 0.003438 0.038645 0.021583
1.539115 1.292102 11.023211 -0.015718 -0.147594 -0.020986
-4.720591 3.750037 9.328218 -0.042324 0.057801 -0.042271
3.505541 -2.732364 10.847735 -0.038067 0.057801 0.079050
2.454664 -1.605697 9.695050 -0.024232 0.054608 0.004555
-2.589349 0.928477 10.217700 -0.006140 -0.107154 -0.050784
0.384729 2.950831 8.798896 -0.008269 -0.008181 0.071601
-3.308853 -1.305017 10.189124 -0.014654 0.095048 0.032225
0.588196 -3.268071 11.475849 -0.014654 0.029067 0.005619
1.723419 2.379686 7.303662 0.025786 -0.097576 0.033289
3.559802 3.231603 11.454628 -0.038067 -0.035851 0.008812
2.498979 -2.600706 10.851958 -0.013590 0.069507 -0.026307
-0.033279 -1.676060 11.231982 -0.048709 -0.051814 0.014133
0.928508 3.597633 10.513415 -0.060416 -0.107154 -0.000766
-0.300460 0.082549 9.000756 0.034300 0.025874 -0.079518
-0.910754 -2.368323 7.950937 0.001309 0.102498 0.032225
3.573728 -0.312731 9.204371 -0.018911 -0.026273 0.029032
-0.241834 3.049360 11.514828 -0.055094 -0.105025 -0.003959
0.507321 0.693146 8.817899 0.007695 0.081213 -0.015665
2.331159 -0.474389 10.027462 0.047071 0.024810 0.027968
1.226773 -0.387908 10.831986 -0.057223 -0.087998 -0.059298
-1.702938 2.572159 8.512446 -0.048709 0.004590 -0.014601
-0.156951 -0.602299 9.863423 0.008759 0.070571 0.013069
-0.502577 -4.716715 8.559914 0.027915 0.032259 -0.012472
0.946668 2.969910 10.111886 -0.094471 -0.111410 -0.020986
-2.612423 1.582186 8.937263 -0.040195 -0.045429 -0.015665
-1.523408 -0.916771 9.895039 0.016208 0.083342 0.023711
-1.020089 -3.752074 10.347424 0.065162 0.039709 0.022647
-7.631648 2.803400 7.148277 -0.050838 -0.003924 0.008812
-1.832441 2.849013 8.307810 -0.027425 -0.043300 0.049252
-5.138658 -0.297835 6.093112 -0.013590 0.122718 0.024775
1.429081 -2.910869 8.705973 0.042814 0.012039 0.051381
1.289322 2.818985 7.361862 -0.065737 -0.110346 -0.089096
-4.142255 1.048020 7.714033 0.016208 -0.001796 -0.092289
-2.000407 -0.241183 9.995914 -0.009333 0.075892 0.019454
-0.444373 -0.759373 11.881861 -0.035938 0.066314 0.046060
-1.514776 0.995074 11.479921 -0.069993 -0.031594 -0.024179
0.707823 0.535692 9.666560 0.014080 -0.031594 -0.043335
-1.743455 -2.689934 9.442746 0.040685 0.096112 -0.007151
-1.764785 0.830263 9.968260 -0.055094 0.016296 -0.011408
-1.174068 2.092085 7.413985 -0.063608 -0.074163 -0.020986
-5.756851 -1.462127 6.599520 0.019401 0.091856 -0.011408
-0.351835 -4.144235 7.165940 0.048135 0.104626 -0.048656
2.488499 2.492303 12.040559 -0.044452 -0.069906 0.010940
0.429515 2.869772 9.423806 -0.069993 -0.079484 0.008812
1.291967 -0.608236 6.166378 0.013016 0.041837 -0.018858
2.020699 -3.345453 8.683865 0.030043 0.087599 -0.018858
3.924133 1.947585 11.894977 -0.056159 -0.033722 0.026904
-0.420835 1.166166 9.582610 -0.098727 0.007782 -0.024179
-2.749125 0.228496 5.223523 0.082190 0.034388 0.013069
3.025749 -1.049537 11.763606 -0.001883 0.016296 0.076922
2.994135 -0.502904 12.447786 -0.066801 -0.081612 -0.048656
0.403646 2.431066 11.944220 -0.049773 0.013103 -0.024179
0.102699 0.046595 9.020926 0.048135 0.095048 0.033289
3.258828 -4.651381 8.592228 0.044942 0.041837 -0.044399
3.438477 2.453518 10.639306 -0.064672 -0.144401 -0.034821
-1.547276 2.770608 11.209285 -0.029553 0.001397 0.012005
-3.067300 -0.651810 6.412656 0.027915 0.066314 -0.049720
-3.786023 -2.637058 6.685829 0.099217 0.063122 0.024775
0.766851 2.807513 8.952024 -0.021039 -0.074163 0.009876
-0.883290 2.393057 9.838033 -0.068929 -0.067777 -0.000766
-2.522204 -1.019226 8.440604 0.010887 0.122718 0.033289
-3.578663 -1.228425 10.917675 0.022594 0.008846 0.004555
-2.341378 0.365275 10.931024 -0.014654 -0.093319 0.008812
-0.874409 3.211739 10.541378 -0.008269 -0.039043 -0.014601
-2.140495 0.171652 9.451550 0.022594 0.147195 0.081179
-3.142265 -2.505414 10.716809 0.023658 -0.017759 0.003491
0.754241 2.046298 9.431746 -0.041260 -0.065649 -0.029500
-0.700889 0.252039 8.298805 0.008759 0.055672 0.000298
-1.259377 -0.401678 8.083272 0.002373 0.071635 0.019454
3.159905 -0.071067 12.099117 -0.007205 -0.039043 -0.044399
0.732223 3.590122 7.816490 -0.026360 -0.044365 0.016262
5.159881 0.638751 8.532070 0.003438 0.065250 0.007748
-0.356642 -2.048311 10.710718 0.002373 0.112076 -0.001830
-0.080261 0.159265 11.728646 -0.023168 -0.035851 0.052445
3.989756 2.250329 9.902050 -0.015718 -0.100768 -0.002894
1.706157 1.425167 7.797594 -0.001883 0.045030 -0.027371
-0.033934 -2.328018 8.464252 -0.014654 0.057801 0.015197
-0.355927 -0.399026 11.998580 -0.059351 -0.013502 0.049252
-4.054448 3.890487 8.767148 -0.073186 -0.103961 -0.033757
-0.782843 -0.337196 9.559940 0.022594 0.033323 -0.027371
1.194214 -4.867428 10.508093 0.033236 0.108883 0.046060
-0.607097 -3.852323 11.277483 -0.016783 -0.048621 -0.026307
-0.919903 3.261343 7.215354 -0.041260 -0.081612 -0.039078
2.705592 2.367596 8.767533 -0.001883 0.086534 0.032225
0.142922 -4.117991 8.343324 0.013016 0.029067 0.010940
3.795293 -1.078398 12.286102 -0.034874 -0.092254 -0.025243
-3.278624 2.510652 7.987596 -0.031682 -0.010310 0.051381
-1.411632 0.579281 8.351433 -0.011461 0.085470 -0.033757
-1.178624 -4.095868 9.099695 0.008759 0.098241 -0.013537
-1.746383 0.598461 8.067762 -0.015718 -0.092254 0.010940
3.325550 1.594486 11.056955 -0.067865 -0.061392 -0.060362
-5.042532 -1.166282 7.858357 0.018337 0.105690 -0.001830
0.081262 -2.941502 7.806437 0.047071 0.012039 0.031161
0.590931 1.139668 10.559558 -0.056159 -0.092254 -0.014601
-0.610761 1.722489 10.779472 -0.027425 -0.027337 -0.024179
0.467154 3.228104 11.747353 0.025786 0.051415 0.044995
3.755647 -4.314512 12.154813 0.009823 0.000333 -0.060362
0.771183 0.294828 10.913918 -0.051902 -0.090126 -0.022050
0.971326 2.308605 8.662710 -0.033810 0.031195 0.008812
-0.071171 -3.284574 11.105708 0.020465 0.056736 -0.064619
-6.499456 -3.076929 10.184329 -0.026360 0.002461 -0.051849
-2.401882 3.575048 10.249547 -0.032746 -0.098640 -0.008216
0.755289 1.411529 9.704847 -0.013590 -0.008181 -0.008216
-1.962388 -2.663828 7.981094 -0.015718 0.119525 -0.003959
-1.410154 -2.088686 9.313148 0.018337 -0.026273 0.041803
-0.082391 2.306926 10.472265 -0.027425 -0.095447 -0.002894
0.972352 3.186786 8.316009 0.001309 0.012039 -0.005023
-2.117027 0.004172 6.843136 -0.005076 0.136553 0.034353
0.363602 -1.635985 9.109316 0.019401 -0.031594 -0.023115
1.481003 0.740782 10.649979 -0.040195 -0.041172 -0.023115
2.282626 3.752188 10.317819 -0.024232 0.062057 0.007748
-0.013576 -1.647916 8.176967 -0.012526 0.059929 0.016262
-2.356503 -4.744786 7.502116 0.003438 -0.016695 -0.042271
-2.607571 4.250235 8.510086 -0.010397 -0.033722 -0.016729
1.677360 2.069671 8.643342 0.010887 0.042901 0.015197
-2.022836 -1.392332 4.600581 -0.045516 0.083342 0.013069
2.268185 -3.273594 10.953335 -0.021039 0.029067 0.065216
-1.361587 2.691498 9.442333 -0.025296 -0.053943 -0.026307
-1.951271 2.667965 10.065411 0.001309 0.071635 -0.064619
-1.883688 -3.501413 8.682005 0.024722 0.071635 0.006684
-0.159914 -0.478489 8.046067 -0.035938 -0.024144 0.024775
2.985165 1.844856 8.872789 -0.077443 -0.113539 -0.043335
-3.364238 -0.574996 8.471488 0.069419 0.132296 0.038610
-1.841634 -3.365052 10.853486 0.041750 0.083342 0.035417
-0.236578 -0.296838 9.590041 -0.075315 -0.023080 -0.046527
-0.017967 2.459120 7.229724 -0.028489 -0.105025 -0.042271
-1.982018 -3.627500 10.933809 0.039621 0.080149 0.003491
-3.960796 -3.075762 8.854214 0.065162 0.075892 0.029032
-0.749228 3.562707 11.803264 -0.055094 -0.115667 0.031161
-0.932307 3.880094 11.225502 -0.090214 -0.063521 -0.019922
-0.623387 -4.258532 8.089258 0.021529 0.099305 0.012005
-0.150385 -0.843768 7.174176 0.023658 0.089727 0.025840
3.926049 4.326440 8.785642 -0.032746 -0.091190 0.052445
0.163979 1.948621 9.028533 -0.063608 -0.023080 -0.009280
0.554708 -4.139679 8.052313 0.054520 0.066314 -0.001830
4.545622 1.990110 10.730347 -0.021039 -0.013502 0.041803
1.692318 1.642506 8.807237 -0.030617 -0.045429 -0.025243
-0.379556 0.724545 8.955491 -0.045516 -0.003924 -0.048656
-1.871934 0.615133 7.547135 0.070483 0.066314 0.039674
4.320206 0.996932 7.724346 0.003438 -0.018823 0.015197
0.326449 3.444947 9.328573 -0.064672 -0.073098 -0.026307
1.408447 1.392418 11.212899 -0.008269 -0.018823 -0.039078
0.802115 -2.521333 10.504951 0.042814 0.059929 0.032225
1.592786 -1.357069 10.255614 0.037493 0.003525 -0.011408
2.249263 2.816409 8.564349 -0.047645 -0.112475 0.043931
-3.869889 -0.171466 8.524724 -0.050838 0.022681 -0.017793
-0.847336 -3.051089 6.703800 0.055584 0.083342 -0.006087
-0.684692 -0.914373 12.059312 0.007695 -0.063521 0.077986
2.530406 3.546961 11.014568 -0.035938 -0.124181 -0.033757
0.747121 -2.015497 9.709031 -0.049773 0.010975 -0.066748
-2.359854 -1.790142 8.391065 0.015144 0.116333 0.051381
3.246371 -0.281347 10.640690 -0.033810 -0.083741 0.015197
-3.390554 3.413087 9.804781 -0.054030 -0.099704 -0.015665
0.044746 -1.497267 10.203584 0.028979 -0.004988 -0.010344
0.195125 -1.549694 11.054492 -0.002948 0.114204 -0.033757
4.205111 0.849108 8.313147 0.007695 -0.059264 0.037546
0.703221 3.881403 8.543399 -0.057223 -0.103961 -0.033757
0.455378 -0.865360 7.969396 0.008759 0.024810 -0.025243
0.862910 -1.805454 10.184530 0.007695 0.037580 0.031161
-1.684536 -0.608782 10.300855 -0.009333 -0.052878 0.029032
-4.672311 2.447117 10.166755 -0.060416 -0.057135 -0.025243
0.148429 -2.225278 9.671625 0.033236 0.073764 0.008812
-1.021524 -1.477366 12.618895 0.007695 0.048223 0.042867
1.048041 0.366586 12.622822 -0.040195 -0.065649 -0.015665
-0.941016 0.731875 8.628398 -0.055094 -0.002860 -0.056105
0.223944 0.058327 8.068647 0.066227 0.106755 0.030096
-2.381298 0.575473 11.992853 -0.021039 0.064186 0.031161
-1.340670 0.272136 13.014978 -0.052966 -0.086933 -0.002894
-0.977296 -1.198476 10.647284 0.002373 -0.007117 -0.013537
-0.370093 -0.640838 7.107052 -0.025296 0.076956 0.006684
0.200945 -1.015049 11.486961 -0.004012 0.019489 -0.014601
2.203242 2.573481 11.562239 -0.021039 -0.085869 0.034353
1.947089 0.707239 10.983917 -0.028489 -0.062456 -0.028436
0.838697 -0.287871 8.631030 0.000245 0.073764 0.044995
1.181355 -1.613115 4.904430 0.052392 0.034388 0.064151
-0.582581 2.354762 9.895915 -0.043388 -0.020952 -0.008216
0.254420 1.030009 10.473041 -0.060416 -0.020952 -0.065683
-1.216377 -1.146299 8.004883 0.013016 0.062057 0.034353
5.214622 0.899249 10.981559 -0.026360 -0.019888 -0.015665
-0.015586 1.536040 10.374936 -0.038067 -0.068842 -0.017793
0.109204 0.090036 12.076030 0.013016 0.041837 0.019454
0.362069 0.063556 11.269041 -0.029553 0.069507 0.014133
0.140599 -0.347087 9.695657 0.016208 -0.022016 -0.001830
-1.840991 2.825336 9.462344 -0.064672 -0.068842 -0.019922
-0.402031 0.550540 10.221616 -0.015718 0.052479 -0.020986
-0.571061 -1.974750 7.531497 0.049199 0.149323 0.008812
-0.108710 0.063302 8.502425 -0.001883 -0.022016 0.037546
2.001957 3.031209 8.031521 -0.071058 -0.110346 -0.013537
-1.177593 -0.654257 10.739439 -0.011461 0.086534 0.002427
-3.471495 -2.452914 9.877260 0.013016 0.111011 0.013069
0.438891 1.127699 9.948575 -0.005076 -0.079484 0.020518
-0.221311 0.395442 10.830280 -0.027425 -0.066713 -0.081647
-0.432216 0.624581 10.513743 -0.025296 0.046094 -0.039078
-2.992836 -0.701538 9.040325 -0.025296 0.106755 0.022647
1.447956 0.282724 11.524048 -0.031682 -0.109282 0.010940
-0.551879 1.407007 8.026223 -0.037003 -0.040108 -0.018858
2.265346 -0.675042 8.696878 -0.024232 0.069507 -0.008216
0.602380 -2.086865 10.775263 -0.018911 0.046094 0.015197
3.275117 -1.061497 12.213326 -0.022104 -0.142273 -0.014601
0.069632 0.163698 9.966355 -0.094471 -0.003924 -0.048656
2.928261 -2.343260 10.055031 -0.022104 0.024810 -0.083775
-0.547369 -0.564179 8.486798 0.004502 0.073764 0.031161
2.738990 0.847734 11.017123 -0.030617 -0.106089 -0.041206
1.542746 2.105856 10.743026 -0.014654 0.014168 -0.014601
-1.908733 -0.174991 6.271182 -0.008269 0.119525 0.022647
0.294288 -3.129823 9.674281 0.011951 -0.030530 0.020518
1.382881 1.402272 13.080082 -0.025296 -0.130566 -0.009280
-1.247852 0.125987 9.653689 -0.049773 -0.024144 -0.012472
-0.616481 -1.239416 9.232442 0.016208 0.123782 0.030096
3.752323 -0.663251 11.511584 0.005566 -0.023080 0.010940
1.162797 1.721992 12.081724 -0.076379 -0.068842 -0.042271
0.876534 -0.294933 9.336704 -0.045516 0.001397 -0.016729
-3.325841 -1.348506 6.810903 0.051328 0.096112 0.019454
3.490278 -0.150670 7.600596 -0.008269 -0.041172 0.015197
-0.584687 1.614944 9.891040 -0.046581 -0.079484 -0.003959
0.905200 1.178089 12.824465 -0.027425 0.028002 0.009876
1.495157 -1.612644 8.639853 0.030043 0.090791 -0.007151
-1.880345 -0.709474 6.936361 -0.019975 -0.000732 0.015197
-0.775355 3.032385 8.496209 0.008759 -0.116731 -0.028436
-2.630930 1.537141 10.764073 -0.040195 0.101434 0.014133
0.988121 -2.328488 8.065737 0.028979 0.116333 0.080115
1.543621 1.954899 6.932473 0.021529 -0.072034 0.021583
0.011186 3.211035 8.332227 -0.064672 -0.023080 0.009876
-0.616821 -0.776571 8.360653 0.004502 0.058865 0.064151
-2.784317 -0.520708 6.140300 0.009823 0.118461 -0.013537
0.570107 1.058177 8.314503 -0.026360 -0.083741 0.003491
-4.024997 2.730130 5.621698 -0.080636 -0.014566 -0.010344
2.789755 -2.340827 9.997613 0.016208 0.010975 -0.052913
-0.530706 -0.150921 10.986088 0.048135 0.057801 0.054573
4.113761 -0.147696 12.840700 -0.051902 -0.086933 -0.003959
2.662570 -1.142765 9.895282 -0.035938 -0.019888 -0.045463
-1.890829 -1.377238 9.794122 0.033236 0.040773 -0.008216
-3.541274 1.136341 9.338356 -0.021039 0.045030 0.059895
2.903687 3.014805 12.172507 -0.030617 -0.147594 -0.057170
-1.261543 2.431315 9.361812 -0.010397 0.018424 -0.010344
-1.557799 -2.329657 9.360195 0.032172 0.038645 0.057766
2.631221 1.661440 10.159331 0.032172 0.003525 0.069473
2.226713 1.745053 9.683042 -0.073186 -0.042236 -0.086968
-1.088897 0.476571 8.592294 -0.039131 0.042901 -0.006087
2.687241 -1.753820 9.275214 -0.025296 0.055672 0.006684
4.858458 -1.279975 7.963112 0.004502 -0.029465 0.043931
0.717056 0.225810 11.973287 -0.021039 -0.085869 -0.032693
0.978989 1.755078 9.579643 -0.041260 -0.004988 -0.010344
0.588307 -2.748446 7.494355 0.053456 0.119525 -0.014601
1.361195 -0.135200 9.523438 -0.016783 -0.007117 0.006684
1.187783 0.886356 9.903198 -0.030617 -0.078420 -0.000766
-0.708270 0.004087 9.823908 -0.028489 -0.006053 -0.077390
-2.578509 0.579844 8.979965 0.027915 0.090791 0.022647
-0.733862 -1.150964 9.887793 0.014080 -0.034787 0.037546
2.901741 1.632879 11.317051 -0.081700 -0.118860 -0.010344
-2.269137 0.059543 9.489170 -0.061480 0.124846 -0.073133
2.238806 -1.350706 6.865073 0.103474 0.056736 0.081179
1.731495 -0.111969 6.462313 -0.002948 0.016296 -0.013537
-0.108196 2.406804 8.179711 -0.035938 -0.030530 -0.002894
-2.163951 0.229222 11.230848 -0.073186 0.123782 0.008812
1.966339 -2.784171 11.384903 0.013016 0.068443 0.018390
-1.656676 0.121192 8.502690 0.015144 -0.027337 0.006684
0.818423 2.547308 8.607663 -0.056159 -0.028401 -0.007151
1.547008 -1.657913 9.238659 0.003438 0.043966 0.018390
-3.464202 0.735409 9.540444 0.018337 0.041837 0.064151
0.652632 0.216027 10.326777 -0.021039 -0.086933 0.031161
0.427262 0.206506 9.924639 0.007695 -0.019888 0.018390
0.105268 -1.072173 12.204119 -0.008269 0.020553 -0.015665
-0.991259 2.030568 11.206032 -0.044452 0.012039 -0.028436
-2.104369 -0.147751 11.981665 -0.004012 -0.025209 0.021583
-0.721217 1.032906 11.249418 -0.025296 0.017360 0.010940
2.516136 1.045590 9.051849 0.024722 0.067378 0.015197
2.511158 -0.080747 9.645568 -0.021039 0.002461 -0.024179
1.220339 -2.148889 12.475634 -0.062544 -0.091190 -0.085904
0.345644 1.514216 9.105012 -0.016783 0.009911 -0.024179
0.985862 -2.163677 8.949495 0.044942 0.053544 0.022647
-0.929854 -0.917025 9.777981 0.007695 -0.006053 -0.026307
-4.070596 -1.001278 12.379679 -0.045516 -0.067777 -0.056105
-1.057670 0.636862 11.143851 -0.021039 -0.014566 0.015197
-0.410132 -0.334532 12.231247 0.037493 0.087599 0.009876
-2.464334 0.470131 9.676344 -0.028489 -0.052878 -0.058234
0.229609 1.154198 10.979000 -0.058287 -0.108218 0.014133
1.068069 -0.227885 11.230659 -0.040195 0.050351 -0.030564
-0.573681 -2.105501 10.705327 0.031107 0.025874 -0.005023
-2.949420 -0.668378 7.574686 0.030043 -0.003924 0.031161
-1.799179 3.992678 11.691003 0.024722 -0.034787 -0.046527
-1.479073 0.868176 8.983203 -0.071058 0.064186 0.003491
-0.682389 -0.781382 7.958979 0.001309 0.014168 -0.008216
-0.183970 -0.893622 8.737244 0.017273 -0.036915 0.016262
0.134426 2.383197 10.404014 0.008759 -0.041172 -0.033757
-1.696406 0.784717 8.873281 -0.062544 0.063122 0.018390
1.994535 -2.013606 9.707903 0.019401 0.009911 0.035417
1.720479 -0.415009 6.733056 -0.010397 -0.053943 -0.014601
0.511988 1.996333 9.777879 -0.059351 -0.055007 -0.023115
0.549126 -2.504666 9.632360 -0.023168 0.079085 -0.019922
2.328796 -1.410180 8.271706 0.000245 -0.011374 0.012005
-0.457382 1.135113 9.314053 -0.054030 -0.063521 -0.008216
3.689439 2.202467 8.330870 0.009823 0.009911 0.026904
-3.154449 1.021395 7.835679 -0.016783 0.137617 -0.011408
-2.683604 0.231570 9.699425 -0.027425 0.008846 0.050317
0.077987 0.106873 12.824269 -0.032746 -0.052878 0.013069
-0.090789 0.862990 9.849593 -0.025296 0.012039 -0.036949
-2.901974 -4.412797 7.795164 0.064098 0.100369 0.024775
-0.740217 -0.344129 11.089978 0.000245 -0.000732 0.048188
-0.028464 0.583755 9.918623 -0.084893 -0.032658 0.029032
-2.935582 -0.517795 9.069029 -0.060416 0.030131 0.007748
6.455182 -1.950914 9.877659 -0.004012 0.055672 -0.023115
2.573887 -1.885365 7.191424 -0.023168 -0.026273 -0.035885
-2.056263 -1.026395 9.546631 -0.006140 -0.031594 -0.058234
0.662083 2.423458 9.778382 -0.041260 0.014168 -0.008216
-1.788025 -0.012543 7.609046 -0.033810 0.075892 0.024775
-1.581711 -1.780611 10.232075 -0.009333 -0.095447 -0.056105
-1.047721 2.944687 11.597994 -0.041260 -0.029465 0.019454
-1.094446 0.121194 9.913079 -0.024232 0.120589 0.006684
-1.438495 0.686392 6.515001 0.016208 0.035452 -0.006087
1.856108 -1.326747 6.498116 0.015144 -0.083741 -0.000766
1.727173 1.850203 9.337139 -0.014654 -0.024144 -0.020986
1.242670 -0.367131 6.470356 0.005566 0.010975 -0.031628
1.673485 0.189240 9.512517 -0.027425 0.053544 0.034353
1.237831 0.642775 9.038571 -0.072122 -0.067777 -0.046527
3.749853 -0.059585 10.746715 0.013016 -0.072034 -0.040142
1.994600 -2.212078 7.249082 0.032172 0.063122 -0.008216
1.121504 -0.306741 10.731917 -0.013590 0.012039 0.038610
-1.889071 2.758250 7.687588 -0.083828 -0.047557 0.029032
-3.272978 2.596874 9.935654 -0.014654 0.028002 0.004555
4.201003 1.653939 11.921865 0.061970 0.099305 0.012005
0.365874 -1.578324 11.532487 -0.033810 -0.022016 0.056702
0.606734 -0.086689 12.540697 -0.019975 -0.107154 -0.008216
3.947507 2.460531 10.982878 -0.049773 0.017360 -0.040142
-0.485433 -0.397279 7.665032 0.063034 0.097177 0.003491
-1.438553 0.612666 8.120923 -0.023168 0.018424 0.000298
2.217232 1.478026 11.303161 -0.040195 -0.059264 0.005619
0.028542 2.295015 10.888323 -0.023168 0.020553 -0.000766
2.266527 -3.207382 7.121428 0.058777 0.031195 0.064151
-0.782013 -1.334995 8.072633 0.022594 0.037580 0.050317
3.205749 2.460826 10.987851 -0.042324 -0.105025 -0.019922
-2.593885 2.434412 10.503002 -0.064672 0.083342 -0.002894
1.229428 -2.478654 9.822014 0.010887 0.033323 -0.033757
0.496732 -1.969659 12.186108 -0.022104 -0.020952 0.046060
4.705329 2.049966 12.341506 -0.060416 -0.096511 -0.030564
-1.416156 0.815566 8.467864 -0.001883 0.076956 -0.017793
3.409194 -0.107288 10.063909 0.042814 0.046094 0.060959
-3.008597 -2.763471 9.080339 -0.004012 -0.047557 -0.012472
0.141668 0.516646 8.543610 -0.065737 -0.084805 -0.059298
-0.149773 0.232996 9.984734 -0.035938 0.033323 0.059895
-0.150727 -5.086704 8.933852 0.037493 0.050351 0.038610
-3.014743 -3.126171 9.377219 -0.038067 -0.058199 -0.077390
-0.026123 2.209131 10.942791 0.001309 -0.009245 -0.029500
-2.017934 -2.200198 11.898442 -0.010397 0.081213 -0.016729
-3.738299 -1.068974 7.724372 -0.000819 0.013103 0.005619
0.855002 0.705172 10.268052 -0.054030 -0.041172 0.016262
-1.252500 -0.193935 8.834028 -0.016783 0.016296 -0.024179
0.796037 -0.160830 12.013842 0.032172 0.040773 0.009876
1.460950 1.129747 10.369657 -0.015718 -0.010310 -0.003959
1.959355 1.420835 11.197874 -0.048709 -0.052878 0.023711
-3.543634 2.973345 5.506728 -0.029553 0.007782 -0.022050
-2.181062 0.140512 8.622329 -0.016783 0.095048 0.116298
1.648663 -1.569048 13.030494 0.044942 -0.061392 0.015197
-1.638069 0.593829 9.222639 -0.027425 -0.063521 0.021583
3.408940 2.811334 9.555983 0.006630 0.016296 -0.009280
-4.249573 -1.200210 6.594436 -0.031682 0.101434 0.008812
2.344325 -1.873243 7.808427 0.033236 -0.046493 0.009876
4.568736 1.655811 9.613808 -0.089149 -0.080548 -0.012472
1.707992 0.702268 9.146850 -0.057223 0.052479 -0.025243
-0.307855 -1.001091 7.952904 0.032172 0.064186 0.002427
-1.790971 -0.811810 8.944021 -0.031682 -0.069906 0.010940
1.090030 2.421218 11.760911 -0.006140 -0.129502 -0.012472
0.235537 3.588422 10.889129 -0.018911 0.065250 -0.055041
-1.405783 -1.163244 6.030171 0.038557 0.101434 0.012005
-1.244876 0.359640 8.252107 -0.038067 -0.113539 0.020518
-0.871599 2.047249 11.346544 -0.058287 -0.080548 -0.007151
-1.004913 -0.993818 6.929355 -0.065737 0.067378 -0.028436
2.237239 -3.001641 10.193083 0.023658 0.002461 -0.011408
-1.345261 1.276761 12.395082 -0.041260 -0.056071 -0.036949
1.111716 0.657291 9.959956 -0.040195 -0.041172 0.001362
-0.637242 -0.478577 6.305710 0.031107 0.116333 0.069473
1.655919 -2.877142 11.250951 0.039621 0.053544 0.030096
-2.106204 1.720828 11.606605 -0.051902 -0.076291 -0.012472
-0.959694 0.274076 11.158332 -0.009333 -0.030530 -0.013537
2.097401 0.246315 9.302325 -0.029553 0.064186 0.004555
-0.324581 2.072937 9.179175 -0.058287 0.009911 0.002427
3.861115 0.152730 10.488127 -0.013590 -0.061392 -0.091225
-4.509217 0.216056 12.628040 -0.034874 -0.003924 -0.041206
0.306404 -1.721746 9.931108 -0.014654 0.068443 -0.005023
0.407414 -0.748414 7.895631 0.005566 -0.013502 0.005619
0.573317 4.604653 9.080031 -0.039131 -0.109282 -0.081647
-2.212951 0.641915 10.023945 -0.024232 0.059929 -0.067812
2.181836 -0.818074 9.485326 0.022594 0.081213 0.034353
-1.359921 0.486665 11.349630 0.064098 -0.022016 0.084372
-1.664723 -0.019400 9.813999 -0.023168 -0.097576 -0.017793
0.729216 -0.287424 11.165523 -0.010397 0.041837 -0.050784
1.384092 -0.624245 10.765888 -0.000819 0.099305 0.036482
0.689035 1.631148 9.916121 -0.040195 -0.096511 0.025840
0.307897 2.931872 9.440093 -0.063608 -0.057135 -0.061426
3.211773 0.484427 8.695059 0.008759 0.035452 0.013069
4.128838 -0.790298 8.925582 0.053456 0.104626 0.046060
1.042143 1.337597 10.731947 -0.030617 -0.065649 -0.014601
1.134443 2.759391 7.406540 -0.011461 -0.073098 -0.016729
-3.831980 1.105186 7.793339 -0.011461 0.108883 0.007748
-0.448413 -1.979126 10.330359 0.023658 0.057801 0.019454
-3.430561 1.745055 10.581236 -0.014654 -0.014566 0.057766
0.683976 -0.215544 12.837856 0.006630 -0.033722 -0.003959
-1.778758 -2.002824 8.062504 0.005566 0.113140 0.025840
-0.357680 -0.810132 8.069197 0.010887 0.021617 0.025840
-1.870436 2.909614 14.099527 -0.049773 -0.095447 0.019454
0.634574 -0.898435 10.526103 -0.029553 -0.042236 -0.032693
-5.004378 -1.541119 6.986547 -0.014654 0.134424 0.062023
0.162491 -0.588376 8.172894 0.007695 0.017360 0.048188
0.355106 1.676885 11.554354 -0.033810 -0.076291 -0.025243
1.328410 2.229930 10.053486 -0.023168 0.063122 0.018390
-3.850102 0.053032 9.615237 -0.010397 0.109947 0.002427
0.715312 -2.263731 9.400066 0.017273 -0.035851 -0.003959
0.360013 1.960501 9.185897 -0.052966 -0.090126 -0.031628
-0.793131 0.295467 11.025784 -0.021039 0.041837 -0.023115
-1.795276 -3.339022 9.577904 0.018337 0.092920 -0.009280
3.089623 -3.221755 8.834279 -0.024232 -0.080548 -0.000766
-0.232571 1.535739 7.941648 -0.031682 -0.083741 0.017326
0.095496 -1.260981 10.462713 -0.001883 -0.018823 -0.030564
-3.708764 -2.169142 7.888203 0.009823 0.157837 0.034353