-5.881583 3.822256 10.348761 -0.006140 0.023745 0.014133
0.532423 2.163066 7.810932 -0.055094 0.006718 0.047124
1.103614 -5.344965 8.818672 0.032172 0.056736 0.040739
0.716475 -0.533019 12.488680 0.031107 -0.023080 0.043931
-0.623770 2.063322 7.999986 -0.082764 0.009911 0.004555
1.863358 0.134092 8.365624 -0.008269 -0.017759 0.024775
0.492886 -0.974932 9.366365 0.010887 0.063122 -0.012472
1.496572 -0.920073 11.673663 -0.030617 -0.026273 0.007748
0.970866 0.416297 9.883489 -0.034874 -0.066713 0.044995
-0.775664 0.571952 8.873545 0.010887 0.026938 -0.018858
-4.711165 -0.889060 11.111619 -0.021039 0.055672 0.034353
-2.817394 -0.670249 11.136158 0.004502 0.029067 0.032225
1.048256 0.931692 9.501316 -0.009333 0.012039 -0.064619
1.657977 3.153422 10.323037 -0.037003 -0.031594 0.023711
2.774249 -0.832449 10.610723 0.007695 0.005654 -0.035885
3.552739 -1.780432 9.168444 -0.021039 0.023745 -0.028436
0.798579 0.423494 9.692939 -0.047645 -0.020952 -0.024179
-7.371242 3.073393 9.786040 -0.032746 0.009911 -0.011408
-2.325972 0.725439 9.719547 -0.032746 -0.000732 0.038610
0.000829 0.905836 9.374738 0.005566 0.031195 0.014133
4.753797 -1.150522 11.350495 0.031107 -0.062456 0.001362
4.834967 0.927885 10.023076 -0.064672 -0.057135 -0.011408
3.436017 2.298258 9.774540 0.013016 -0.015631 0.047124
-1.771226 -1.358565 7.461592 -0.023168 0.068443 0.002427
2.244483 -2.927655 10.233501 -0.009333 0.015232 -0.006087
-0.660383 2.844088 10.273495 -0.069993 0.019489 0.001362
0.734450 -0.474074 8.027284 -0.009333 -0.045429 -0.003959
-0.605729 0.598300 9.897944 -0.007205 -0.003924 -0.008216
-1.214715 -0.274722 11.148002 -0.010397 -0.001796 0.024775
-2.116957 2.018695 8.777228 -0.031682 -0.020952 -0.068876
2.511018 0.341667 9.655136 0.001309 -0.023080 0.050317
2.972679 0.427603 10.941714 -0.012526 -0.031594 -0.012472
0.804083 -0.671639 11.431751 -0.012526 -0.027337 -0.032693
-0.925472 -0.294416 8.093761 -0.029553 -0.006053 -0.016729
1.415520 1.244183 9.528565 -0.014654 0.012039 0.019454
-4.487219 0.308370 7.914843 -0.041260 0.023745 0.003491
-1.397990 0.490806 7.291922 0.003438 -0.000732 0.004555
2.703377 1.014686 10.278220 -0.059351 0.036516 0.017326
0.088862 -2.695404 9.628615 -0.026360 0.020553 -0.041206
0.177870 0.165700 7.823840 0.016208 0.032259 -0.003959
0.626572 2.339696 8.222219 -0.063608 -0.077355 0.031161
-4.310653 0.182077 9.556905 0.001309 0.047158 0.019454
-1.944302 -1.033346 11.133884 0.076869 0.056736 0.007748
2.069395 1.250972 8.832026 -0.034874 -0.073098 0.007748
0.404211 0.592921 8.615653 -0.018911 -0.053943 -0.005023
4.432740 0.069190 11.836762 0.031107 0.023745 0.050317
3.051630 0.766738 12.707100 -0.042324 0.016296 -0.064619
1.221243 -2.006298 8.715014 -0.014654 0.049287 0.007748
2.212776 0.265671 11.245939 -0.056159 -0.056071 -0.016729
-0.475051 1.610123 9.862850 -0.063608 -0.010310 -0.006087
0.401378 -0.392361 10.782076 -0.031682 0.089727 0.009876
0.254951 -1.894024 6.985135 0.009823 0.041837 0.035417
0.136543 1.240018 10.156773 -0.027425 -0.107154 -0.024179
-0.479077 1.030491 11.675363 -0.046581 -0.049686 -0.019922
-0.085530 0.364223 9.949307 0.010887 0.046094 0.039674
-1.927796 -1.852605 6.867147 0.015144 0.029067 -0.014601
0.956903 -0.485669 10.698152 0.047071 -0.048621 0.012005
-1.042889 2.135382 9.873162 -0.071058 -0.105025 -0.010344
0.499113 0.609823 10.081704 -0.002948 -0.001796 -0.019922
-0.078747 -2.588109 8.601869 -0.012526 0.060993 0.052445
-1.899437 -0.770736 11.832495 -0.025296 0.035452 -0.000766
0.357002 1.316226 9.701301 -0.038067 -0.112475 -0.019922
1.839082 -1.281414 6.391170 0.006630 -0.008181 0.073729
3.724988 -0.047828 9.582580 0.005566 0.069507 -0.024179
1.952671 -2.863017 10.776687 -0.010397 0.020553 0.004555
0.510693 1.686270 10.927636 -0.056159 -0.015631 -0.016729
1.296191 2.177373 9.630520 -0.017847 -0.089062 -0.015665
-1.211212 2.138022 11.041490 0.002373 0.078021 -0.018858
3.249394 -1.808583 11.469556 0.021529 0.025874 0.034353
0.155804 -0.681163 9.956967 -0.054030 -0.052878 0.026904
-1.312321 4.755679 8.623207 -0.001883 -0.016695 -0.005023
-4.150470 4.716503 10.304041 -0.015718 0.040773 -0.043335
-0.606867 -4.093875 8.051322 0.040685 0.085470 0.022647
-3.777931 -0.763298 8.897873 -0.006140 -0.032658 0.008812
1.714310 2.065338 11.498971 -0.013590 -0.097576 -0.011408
-4.446945 -0.529214 8.525366 0.008759 0.019489 -0.016729
-1.252761 0.080506 8.781807 0.035364 0.038645 0.059895
-2.428254 0.992921 10.669550 -0.018911 0.004590 -0.005023
0.646900 0.660008 10.875606 0.008759 -0.043300 -0.036949
0.831966 2.521139 9.158848 -0.073186 0.017360 -0.034821
-1.261476 -2.566405 7.068523 0.072612 0.035452 0.073729
-0.294891 1.340570 11.082035 0.063034 -0.057135 0.073729
0.763277 -0.595267 11.353249 0.065162 -0.035851 0.010940
3.909335 2.531490 6.899048 0.023658 -0.009245 -0.024179
1.102053 1.029722 10.786712 0.132208 0.010975 0.034353
2.784410 -0.156761 12.551762 0.072612 -0.108218 -0.013537
2.463541 0.520430 8.120362 0.130080 0.008846 -0.044399
-0.575263 0.896187 7.299127 0.140722 -0.003924 -0.048656
-3.265618 0.687502 8.928100 0.248208 0.053544 -0.052913
-1.408202 -0.017174 9.446520 0.218410 0.009911 0.022647
-1.487666 -0.811778 9.897536 0.257786 -0.017759 -0.022050
2.392105 1.647444 11.586397 0.190740 -0.056071 -0.012472
-0.846852 -1.029122 10.417252 0.250337 0.030131 -0.014601
-2.491608 -0.023934 9.253321 0.338667 0.045030 -0.035885
1.600360 -1.039505 11.260583 0.282263 0.006718 0.014133
0.905799 -0.140044 7.942312 0.330153 0.012039 -0.022050
-0.741471 0.028368 12.346748 0.302483 0.002461 -0.006087
-0.685477 -0.330098 9.415310 0.376979 -0.034787 0.020518
-1.058707 0.422015 10.758960 0.273749 -0.026273 -0.000766
-1.782210 0.770435 8.892034 0.325896 -0.008181 0.015197
-3.109145 3.951815 6.593814 0.364208 -0.032658 0.054573
3.588261 0.321971 8.548836 0.380171 0.010975 0.043931
-0.325019 -0.566495 9.487589 0.424869 0.009911 -0.038014
0.415116 0.924724 9.128878 0.408905 -0.050750 0.033289
1.783473 2.265521 9.888518 0.386557 0.015232 0.037546
-0.167603 -1.835817 11.768462 0.455731 0.012039 -0.057170
0.939592 0.631216 10.638886 0.432318 -0.063521 0.027968
1.286980 -0.209169 9.418681 0.435511 -0.046493 0.036482
-0.428687 0.686823 11.732469 0.432318 0.010975 0.004555
2.427591 -0.832616 8.694948 0.497236 -0.002860 0.071601
2.490736 2.038586 10.292020 0.463180 -0.028401 -0.010344
0.624154 -0.700525 9.433308 0.500428 0.014168 0.006684
-0.047491 1.490790 10.878472 0.448281 0.063122 0.013069
-0.306411 0.667195 8.675369 0.454667 0.025874 0.021583
-1.670562 -0.322680 8.588102 0.552575 -0.000732 0.005619
0.434695 0.977639 11.761155 0.542997 0.009911 -0.006087
-2.569406 2.154948 9.044385 0.479144 0.089727 -0.001830
1.752199 0.978901 7.985333 0.547254 0.026938 0.039674
6.795898 1.561561 7.779138 0.546190 -0.029465 -0.013537
2.083015 0.122215 9.259502 0.528098 -0.037979 -0.056105
-1.266739 -0.065312 7.239951 0.540869 -0.011374 -0.018858
0.213605 3.401862 8.249697 0.581309 0.021617 0.051381
-2.010399 1.867996 6.855619 0.554703 -0.014566 -0.018858
3.142957 3.396601 12.484472 0.466373 -0.106089 0.006684
-0.722052 2.037604 11.099911 0.519584 0.076956 -0.028436
1.498764 1.556516 7.854028 0.531291 0.002461 -0.011408
-1.174052 2.056549 9.050796 0.491914 0.031195 -0.047592
4.555782 1.613454 13.345900 0.437639 -0.035851 -0.016729
1.882374 1.406380 10.152366 0.418483 -0.009245 -0.022050
-2.862658 1.381825 8.979267 0.436575 0.049287 0.049252
0.583101 2.760372 12.184732 0.407841 -0.037979 0.119491
3.224885 1.949836 9.301119 0.406777 -0.051814 -0.039078
1.490022 2.174813 9.030044 0.368465 -0.055007 0.007748
-0.023875 3.791544 11.928940 0.403584 0.001397 0.005619
-1.517670 3.242407 6.702851 0.399327 0.034388 -0.009280
6.080752 3.566579 8.185989 0.354630 -0.097576 -0.051849
-3.321182 2.441479 8.106243 0.366337 0.040773 -0.022050
1.484256 2.978903 7.980122 0.291841 -0.015631 0.016262
-0.572623 3.993958 7.808013 0.296098 0.006718 0.150353
-1.758093 3.402819 9.341517 0.251401 -0.037979 0.014133
4.258419 1.503441 11.142797 0.255658 -0.075227 -0.027371
-0.183424 4.084517 7.965951 0.191805 0.014168 -0.029500
-1.906082 1.711059 10.709190 0.206704 0.020553 0.019454
2.118900 3.205646 9.716219 0.224795 -0.037979 -0.007151
3.807383 3.634547 9.711688 0.172649 -0.092254 0.007748
-0.422057 2.089569 8.470953 0.182227 0.069507 -0.028436
-2.763728 1.100103 8.513884 0.200318 0.067378 -0.009280
0.898276 3.933802 8.370551 0.198190 0.007782 0.029032
2.156047 2.191156 8.411938 0.138594 -0.019888 0.010940
1.465615 1.482950 10.381604 0.151364 -0.045429 -0.022050
-1.810268 3.269078 8.607272 0.127951 0.072700 0.030096
3.588527 -0.339353 6.914290 0.133272 0.009911 0.022647
3.956075 1.983031 9.766499 0.053456 -0.003924 -0.030564
0.841371 1.709697 9.001954 0.091768 -0.027337 0.003491
-2.016679 1.789290 7.145417 0.107731 0.023745 0.002427
-1.653044 3.020933 9.325133 0.069419 0.037580 0.030096
0.554680 4.263928 12.458089 0.041750 -0.075227 -0.007151
3.706130 3.496238 10.141363 -0.022104 -0.055007 -0.056105
-0.242248 1.898493 7.944052 0.058777 0.045030 -0.000766
0.876371 2.325765 11.273269 0.053456 -0.020952 0.019454
0.148225 2.910855 11.936427 0.001309 -0.025209 -0.000766
1.583536 5.520504 8.018823 0.002373 0.010975 -0.048656
1.085224 1.441684 5.070931 0.044942 0.041837 0.009876
-2.434162 2.016566 9.600657 0.020465 0.063122 0.010940
-3.103353 2.821420 11.698909 -0.027425 0.041837 0.026904
3.106850 2.126685 10.562270 -0.044452 0.033323 0.006684
2.757157 3.067180 11.005649 -0.028489 0.035452 -0.022050
-0.678970 2.344679 6.284656 -0.085957 0.003525 -0.001830
5.478288 3.285648 10.935190 -0.163645 -0.044365 0.024775
0.493104 2.891051 8.331199 -0.196636 0.014168 0.009876
-1.565615 0.736652 7.096672 -0.112562 0.017360 0.047124
2.899811 3.672895 8.478476 -0.195571 -0.028401 -0.007151
-1.920952 2.355016 8.150682 -0.185993 -0.024144 0.007748
-1.602062 3.206853 8.021083 -0.182801 -0.048621 -0.002894
-2.752282 3.341055 8.654437 -0.248782 -0.007117 -0.028436
1.026353 1.528317 9.432455 -0.187058 -0.026273 0.019454
1.777835 3.145726 7.256429 -0.198764 -0.004988 0.006684
1.555274 5.281748 7.291756 -0.259425 0.028002 -0.032693
-1.730431 1.536594 9.576491 -0.242397 0.048223 0.009876
1.010146 3.265768 9.836542 -0.228562 -0.031594 -0.007151
-0.747537 1.843822 8.058984 -0.236012 -0.011374 -0.011408
2.589047 0.143384 8.576791 -0.277516 0.021617 0.010940
4.753923 3.705749 9.600417 -0.253039 0.029067 0.007748
3.312232 2.760792 6.647908 -0.201957 0.008846 0.014133
1.329005 1.015072 9.274083 -0.295608 -0.016695 -0.023115
1.002637 2.316421 12.858188 -0.271131 -0.003924 0.023711
-2.331141 4.975627 8.525258 -0.319021 0.070571 0.039674
0.070749 1.611619 5.638166 -0.294544 0.017360 0.025840
0.876402 1.559419 9.543678 -0.292415 0.017360 0.014133
2.177820 2.535220 11.018136 -0.281773 0.000333 -0.043335
2.185537 4.498868 8.205709 -0.332856 0.009911 -0.006087
1.345666 3.184058 7.103139 -0.288158 -0.035851 -0.003959
1.293007 0.413399 7.480274 -0.214727 -0.016695 0.001362
2.569860 1.489537 9.541459 -0.249847 -0.061392 0.003491
1.128743 3.043734 9.580282 -0.256232 0.043966 0.007748
-4.104668 1.350936 6.740176 -0.189186 0.046094 -0.002894
-0.327880 2.492533 6.468624 -0.201957 -0.028401 -0.018858
2.159430 1.267870 10.264803 -0.185993 -0.036915 -0.028436
-1.203241 0.428893 8.634716 -0.179608 0.070571 -0.089096
0.483031 2.179699 7.233510 -0.157259 0.037580 -0.014601
-0.262099 1.194944 10.856421 -0.185993 0.013103 0.031161
2.175556 0.399124 9.951128 -0.208342 -0.008181 -0.006087
1.108321 2.050598 7.349336 -0.208342 0.054608 -0.019922
-0.052094 4.249276 8.857224 -0.241333 0.030131 0.033289
-3.440880 -0.624840 9.991670 -0.206214 0.063122 -0.023115
2.260217 1.795164 9.728285 -0.231755 -0.034787 0.007748
2.870135 1.980776 7.886586 -0.245590 -0.029465 0.029032
-3.170680 2.573084 10.660518 -0.309443 0.037580 -0.011408
-2.219998 1.532242 11.000454 -0.287094 -0.028401 0.001362
1.757244 2.270175 9.073597 -0.277516 -0.029465 0.022647
1.251927 1.767089 10.754005 -0.317957 -0.036915 0.007748
-0.014752 4.891462 10.299450 -0.332856 0.063122 0.031161
-3.659923 0.448570 6.180673 -0.286030 0.091856 -0.031628
0.380569 2.838437 7.356851 -0.364782 -0.009245 -0.038014
1.998340 0.377545 8.883945 -0.325406 0.003525 -0.018858
0.721983 1.690644 8.954092 -0.310507 0.056736 -0.001830
-4.992986 2.921981 9.046970 -0.341369 0.079085 -0.009280
-0.808404 1.920278 8.462677 -0.362654 -0.040108 0.000298
2.432566 0.210582 10.543379 -0.352012 -0.000732 -0.028436
0.263661 1.203947 8.757881 -0.349883 0.033323 -0.000766
1.296047 1.196487 9.447439 -0.342434 0.035452 0.102463
-0.732908 -0.883617 10.251311 -0.295608 -0.004988 -0.012472
1.975343 1.430597 12.592425 -0.337113 -0.079484 -0.024179
0.372095 1.846341 11.677963 -0.346691 0.043966 0.023711
0.877521 0.874406 9.016181 -0.315828 -0.027337 -0.001830
-2.942216 1.255192 7.852962 -0.298801 0.002461 -0.031628
5.406230 2.445840 12.284212 -0.324342 -0.083741 0.058830
0.234360 1.025059 9.318419 -0.361590 0.043966 -0.031628
0.418412 1.423173 7.055029 -0.299865 -0.020952 0.021583
0.764747 3.445133 11.589083 -0.294544 -0.017759 0.034353
2.133394 3.349365 13.070692 -0.399902 -0.089062 -0.019922
6.028921 1.626489 8.959991 -0.333920 -0.026273 -0.045463
1.386736 2.489711 8.005893 -0.341369 0.020553 -0.003959
-5.022310 0.072920 11.690523 -0.317957 0.054608 -0.039078
-1.478588 2.901815 11.062216 -0.355204 -0.016695 0.031161
-0.849506 1.001699 9.783270 -0.390324 -0.035851 0.039674
-1.232969 -0.945294 11.340269 -0.394580 0.008846 0.016262
4.304896 -4.033600 9.151264 -0.283902 -0.026273 0.085436
2.528563 1.313038 10.078206 -0.399902 0.006718 -0.013537
-0.741407 0.474007 8.339109 -0.459498 0.000333 -0.013537
-0.508080 -1.649889 9.543900 -0.371168 0.083342 -0.003959
0.038476 -1.335321 8.075015 -0.360525 0.036516 0.004555
-1.273879 -0.838163 9.594070 -0.428635 0.080149 -0.018858
-0.065849 0.829889 11.854704 -0.379681 0.005654 0.003491
-0.075303 1.691186 10.365285 -0.366911 0.047158 -0.026307
0.416805 0.087132 9.594375 -0.353076 0.010975 -0.041206
-0.795719 -0.933753 9.970795 -0.328599 0.031195 0.024775
0.357910 0.934295 9.142966 -0.315828 -0.000732 -0.014601
0.939281 0.005789 9.629138 -0.249847 0.022681 -0.002894
0.175661 0.053933 10.322992 -0.290287 0.037580 0.031161
-2.637456 1.336576 10.134478 -0.239204 0.036516 0.007748
-1.034600 0.521994 9.224380 -0.261553 0.033323 -0.020986
0.576392 1.003497 9.644872 -0.245590 0.021617 -0.000766
-0.978204 -0.251451 8.010468 -0.246654 0.025874 0.004555
-0.273423 -0.334936 10.036548 -0.211535 0.016296 0.032225
-2.206121 -0.594084 11.380260 -0.232819 0.034388 -0.019922
-1.309684 1.794359 10.760824 -0.303058 0.041837 -0.017793
-0.969343 -0.070243 6.984245 -0.239204 0.015232 0.017326
1.416543 -1.213921 9.544807 -0.215792 -0.006053 0.044995
-1.517093 -1.558414 11.973643 -0.247718 0.008846 0.030096
0.947825 1.330273 9.467829 -0.266874 0.021617 0.002427
4.020510 1.011806 10.464970 -0.238140 -0.022016 0.066280
1.875304 -0.108950 10.793528 -0.238140 -0.035851 -0.060362
-0.883252 0.192778 10.369827 -0.246654 0.069507 -0.012472
1.266272 2.563676 7.601695 -0.306250 -0.026273 -0.014601
-4.000629 -0.856595 6.946809 -0.028489 0.025874 0.052445
-1.242396 0.965701 7.549019 0.016208 -0.028401 0.146096
3.444939 -1.995206 8.978044 -0.014654 -0.008181 0.089693
-2.289287 -2.346553 6.341002 0.007695 -0.018823 0.005619
1.244355 1.444753 9.749035 -0.022104 -0.030530 -0.089096
-0.384464 -0.382696 9.575344 -0.033810 -0.041172 -0.139115
0.140416 0.423893 10.555761 -0.022104 0.001397 -0.164656
-3.041622 -0.281412 9.543887 0.003438 0.047158 -0.049720
-1.171418 0.806263 10.601902 -0.015718 -0.014566 0.025840
-3.655352 0.432112 7.746233 -0.025296 0.034388 -0.030564
0.458399 -2.173163 8.009583 -0.031682 0.034388 -0.007151
3.098616 1.458392 10.101265 -0.028489 0.054608 0.084372
1.398776 0.724177 11.077353 -0.023168 0.013103 0.062023
1.130837 0.910131 9.190345 0.009823 -0.036915 0.095014
1.866953 2.186601 9.059648 -0.078507 -0.032658 -0.063555
2.285155 -1.837136 9.606622 -0.008269 -0.018823 -0.095482
2.508034 2.597459 13.028899 -0.021039 0.032259 0.063087
4.402488 -0.682916 9.539310 -0.029553 -0.012438 0.025840
-0.285061 1.531246 9.571184 -0.014654 -0.060328 -0.045463
3.058136 1.904960 11.821185 -0.008269 0.012039 0.038610
2.476395 -1.772620 10.581202 0.003438 0.054608 -0.012472
-0.588725 -0.337614 7.422426 -0.024232 0.009911 0.077986
5.534039 0.626783 9.243472 -0.023168 -0.110346 0.041803
5.149555 0.882663 11.568151 -0.018911 0.014168 -0.012472
-2.220327 -0.548989 9.786170 -0.083828 0.068443 0.065216
0.225705 -0.330587 8.619740 -0.030617 0.041837 0.074794
-2.664372 0.737261 8.183900 -0.018911 0.025874 0.015197
1.959406 0.020186 12.661048 -0.022104 -0.107154 -0.076326
3.338102 2.441745 11.387341 -0.045516 0.016296 0.017326
1.150333 -3.054327 6.339000 -0.000819 0.097177 -0.015665
1.077945 -0.345464 7.239589 0.002373 -0.078420 0.005619
1.677570 1.597795 12.741252 -0.044452 -0.052878 -0.022050
-2.520165 -0.100289 9.265105 -0.026360 0.015232 -0.076326
-2.335525 0.679837 8.073192 0.026850 -0.004988 -0.020986
-2.497084 -0.637317 8.927744 -0.031682 0.032259 0.022647
0.413144 -1.103310 12.266774 -0.068929 -0.072034 -0.071004
2.499231 2.912007 10.052242 -0.090214 0.037580 -0.111445
0.889781 -1.657854 7.968156 -0.023168 0.115268 -0.047592
0.958671 -0.313741 11.327729 0.022594 -0.031594 -0.003959
-2.658683 1.069172 9.362288 0.001309 0.001397 0.015197
1.566747 -0.357338 8.823185 -0.012526 -0.034787 -0.064619
1.995008 0.730837 9.425639 -0.023168 0.087599 -0.083775
1.314641 -1.421215 11.378475 -0.000819 0.049287 0.014133
0.578197 0.981986 9.442945 -0.035938 -0.041172 -0.012472
-2.153053 -0.179072 10.004983 -0.008269 -0.024144 -0.014601
-0.018166 0.839154 10.213274 0.001309 0.067378 0.012005
-0.912706 0.626838 8.507306 -0.014654 0.006718 0.021583
-3.283293 1.689812 8.728653 -0.111498 0.026938 0.006684
4.480779 0.541468 10.380708 -0.060416 -0.076291 -0.067812
-2.489470 -1.875660 10.552510 -0.055094 0.052479 -0.078454
-6.329672 1.180265 8.460779 -0.102984 0.010975 0.004555
-1.252519 -1.184229 9.510929 -0.123204 -0.052878 0.034353
0.138821 2.543074 10.297148 -0.162581 0.090791 0.022647
0.603885 -0.488047 9.872777 -0.132782 0.005654 -0.023115
0.408247 1.122957 10.072018 -0.242397 0.063122 0.024775
0.673648 -0.709993 10.046367 -0.196636 -0.051814 0.019454
1.388293 0.248943 9.053199 -0.304122 0.004590 -0.011408
1.592666 -1.142284 10.243770 -0.292415 -0.006053 -0.041206
-1.325679 2.736705 8.675112 -0.301993 0.014168 0.025840
-1.999794 -1.064644 9.275966 -0.289223 -0.006053 0.026904
0.392401 0.304810 12.706431 -0.390324 -0.079484 -0.055041
1.687605 -0.901044 11.752617 -0.357333 0.033323 -0.049720
-1.210306 0.841907 9.539882 -0.370103 0.038645 -0.006087
-0.265786 -1.177109 11.723144 -0.400966 -0.012438 0.007748
1.040328 -1.728713 12.964560 -0.455241 -0.011374 -0.002894
3.579308 -0.171881 9.501365 -0.405223 -0.010310 -0.025243
2.126210 -0.014213 6.876836 -0.388195 0.000333 -0.024179
-0.321981 -1.614291 8.750982 -0.404158 0.043966 0.019454
-0.453215 -0.594789 11.325959 -0.438213 0.003525 0.031161
0.156793 0.242621 11.239965 -0.448856 -0.059264 0.016262
0.924015 -1.371043 10.750179 -0.433957 -0.032658 -0.080582
-5.659228 -1.259056 8.205770 -0.402030 0.057801 -0.005023
1.116936 -1.318370 12.299666 -0.410544 -0.060328 0.040739
-1.409508 0.171555 10.660500 -0.431828 0.019489 -0.031628
1.063014 -0.307177 7.850091 -0.427571 0.006718 -0.002894
-3.561903 -1.610409 10.069558 -0.306250 0.043966 0.027968
0.702597 -1.611977 10.854027 -0.394580 -0.022016 0.022647
0.653228 -1.072815 9.537862 -0.381810 0.014168 0.047124
5.104077 1.056630 9.900345 -0.394580 0.013103 -0.022050
1.666793 -2.557535 10.115476 -0.350947 0.076956 -0.032693
0.882875 -1.757813 9.676208 -0.407351 -0.033722 0.003491
0.142221 -1.234931 9.313042 -0.362654 -0.030530 -0.009280
-0.337682 0.827484 11.060449 -0.378617 0.014168 0.038610
0.535855 -2.099018 9.226150 -0.278581 0.026938 0.006684
0.900937 -3.697369 13.971115 -0.281773 -0.102897 0.083307
-2.890940 -0.548744 9.651186 -0.372232 0.013103 0.001362
1.567750 -0.102052 8.383734 -0.402030 0.042901 -0.018858
-5.087570 -1.616788 11.165049 -0.440342 0.028002 -0.035885
-1.141577 -1.940616 10.646688 -0.369039 -0.070970 0.002427
-3.091204 -3.030555 10.160975 -0.424379 0.019489 0.007748
-0.107026 0.915396 9.196253 -0.519094 0.038645 -0.000766
-1.286180 0.598532 9.660780 -0.426507 0.017360 0.044995
4.484800 -0.706878 9.135685 -0.476525 -0.019888 0.016262
-1.493468 -1.740205 9.417491 -0.494617 0.018424 -0.006087
-2.475004 2.042818 9.503139 -0.566984 0.037580 -0.003959
1.716747 -0.610518 7.880450 -0.486103 0.039709 0.018390
-2.249038 0.130797 7.393922 -0.512709 0.092920 -0.045463
-0.179261 -2.726247 10.102962 -0.485039 -0.079484 -0.022050
1.586519 -3.196666 12.763984 -0.462691 -0.037979 -0.065683
-3.000540 -2.952094 8.545813 -0.463755 0.034388 0.036482
-1.514886 -0.654308 9.581521 -0.468012 -0.034787 0.024775
-2.053506 -2.837776 9.427569 -0.453113 -0.015631 0.009876
-0.891792 -2.454253 7.898714 -0.454177 0.048223 -0.030564
4.116185 -3.081433 8.364530 -0.390324 -0.000732 -0.032693
4.732531 -2.365785 7.981579 -0.377553 0.017360 0.039674
2.126434 -4.548279 8.790886 -0.411608 -0.026273 -0.000766
-0.036846 -2.070167 9.136592 -0.393516 0.049287 -0.017793
-1.597916 -1.697309 8.775772 -0.371168 0.046094 -0.065683
-1.617388 -1.795172 8.628409 -0.393516 0.042901 0.071601
1.764034 -3.147085 9.847216 -0.361590 -0.052878 0.021583
1.330410 -2.345002 10.116908 -0.380746 -0.025209 -0.036949
-0.681835 -3.077095 8.654679 -0.328599 0.025874 -0.001830
-1.261316 -1.177286 8.130656 -0.354140 0.082278 -0.018858
1.826850 -2.763090 8.538480 -0.320085 -0.004988 0.037546
-1.337083 -1.236889 8.313352 -0.342434 0.025874 0.044995
0.571355 -2.685881 10.687181 -0.315828 0.015232 -0.024179
-1.983789 -2.095423 10.534939 -0.287094 0.003525 0.031161
-0.856509 -1.497022 9.495399 -0.267938 -0.033722 0.026904
2.737380 -2.273978 10.040233 -0.295608 -0.070970 -0.039078
1.673238 -3.039271 12.260624 -0.277516 -0.069906 -0.053977
-0.763256 -3.716419 10.091606 -0.227498 0.010975 -0.016729
-4.512551 -1.426732 7.170918 -0.249847 0.098241 0.051381
0.606166 -2.853398 7.879244 -0.211535 0.030131 0.047124
4.950140 -2.086613 8.212693 -0.276452 -0.046493 -0.012472
-2.689917 -0.826020 7.390114 -0.239204 0.055672 0.002427
-3.141744 -6.075684 10.409786 -0.196636 0.001397 0.038610
3.117031 -3.865812 10.784660 -0.249847 0.001397 0.095014
2.227566 -2.701328 7.734312 -0.232819 0.033323 -0.036949
2.852494 -5.376912 7.379355 -0.227498 -0.019888 -0.098674
-4.681936 -1.877858 6.277112 -0.297736 0.095048 -0.039078
-0.700514 -4.143860 8.647328 -0.279645 -0.039043 -0.065683
-1.422335 -1.683110 8.462698 -0.250911 -0.042236 -0.027371
1.698627 -3.450208 9.459748 -0.250911 -0.000732 -0.014601
-3.067015 -5.252306 10.792613 -0.244525 0.054608 -0.038014
-2.112067 -3.622613 11.323038 -0.221113 -0.061392 0.014133
-1.736634 -2.544374 9.347764 -0.229626 -0.030530 0.017326
-0.891459 -2.706689 11.250708 -0.264746 0.035452 -0.039078
-2.449736 -2.768164 10.970597 -0.208342 -0.003924 -0.002894
-2.066506 -3.472526 9.790904 -0.201957 0.005654 0.033289
0.448584 -4.255991 11.722355 -0.220048 -0.028401 -0.001830
1.348315 -1.344843 11.485490 -0.246654 -0.053943 0.030096
0.884221 -2.228415 6.801609 -0.230691 -0.015631 -0.010344
-1.672269 -4.458686 7.440006 -0.203021 0.032259 -0.028436
0.604821 -3.380380 10.618273 -0.165773 -0.010310 0.047124
0.970067 -2.309462 7.602437 -0.089149 0.005654 0.025840
-1.416229 -3.709231 8.645319 0.010887 -0.001796 -0.042271
-0.477416 -2.595129 8.479551 0.020465 -0.002860 0.019454
2.952850 -4.510098 10.831594 0.044942 -0.024144 -0.022050
2.446353 -2.009086 9.243589 0.030043 0.028002 -0.018858
0.906867 -1.600432 8.927975 -0.006140 -0.017759 0.020518
0.723061 -1.459691 8.076983 0.007695 0.029067 -0.025243
0.835657 -3.204155 8.827736 -0.027425 0.020553 0.019454
1.093606 -2.261546 9.078077 -0.023168 0.047158 0.043931
0.166750 -1.913079 6.999129 -0.059351 0.015232 0.000298
0.239557 -3.373746 6.412325 -0.050838 0.082278 0.025840
3.992005 -2.310532 8.416555 -0.016783 -0.097576 -0.001830
1.840533 -3.442779 11.503216 -0.033810 -0.008181 -0.018858
2.456693 -4.918267 9.122002 -0.063608 0.009911 0.020518
-0.378814 -0.208431 9.900852 -0.000819 -0.011374 -0.015665
0.843999 -5.662123 9.718238 0.010887 -0.117796 0.036482
1.284489 -5.098459 13.625163 0.017273 -0.031594 -0.008216
-0.827405 -1.026724 10.543219 -0.059351 0.000333 -0.040142
-0.350108 -1.824401 8.073809 0.007695 0.012039 0.066280
-1.684676 -1.315343 9.338608 -0.006140 0.004590 0.019454
-0.888223 -3.007221 12.319708 -0.029553 -0.056071 0.001362
-1.041998 -3.427778 8.603689 -0.027425 0.032259 -0.024179
-4.343148 -0.768105 7.280794 -0.044452 0.075892 0.006684
-0.881493 -2.029668 6.580329 0.014080 -0.014566 0.040739
-1.370883 -2.014788 8.885659 -0.046581 -0.025209 0.010940
3.720437 -4.672973 9.028308 0.006630 -0.012438 -0.035885
-2.602513 -3.002385 8.440056 -0.049773 0.096112 0.050317
-0.416962 -3.712150 7.792989 -0.018911 0.025874 0.017326
0.614689 -1.974941 9.285789 0.025786 -0.043300 0.024775
3.136159 -2.526695 12.618924 -0.026360 -0.004988 -0.007151
-0.525579 -2.344155 10.809957 -0.038067 0.090791 -0.014601
-2.151019 -2.403759 7.127732 0.007695 0.026938 0.038610
0.732055 -1.531321 7.879820 -0.022104 -0.035851 0.019454
3.939841 -1.436882 9.459450 -0.007205 -0.068842 0.016262
0.213688 -2.185207 6.699892 -0.035938 0.052479 -0.027371
0.424384 -5.375169 12.268504 0.020465 -0.037979 -0.113573
-2.932783 -0.477593 6.762294 -0.023168 0.099305 0.075858
4.716187 -4.069505 9.506424 0.009823 -0.039043 0.005619
1.608477 -2.390772 8.134047 -0.028489 -0.036915 -0.015665
-0.526769 -3.117466 10.296693 -0.021039 0.016296 -0.028436
-0.814291 -2.439770 9.122397 -0.024232 0.019489 -0.000766
0.083699 -3.241555 11.873497 -0.047645 0.018424 0.024775
3.248458 -3.145240 10.148483 -0.038067 -0.015631 -0.045463
-4.651255 -1.669866 8.648127 0.000245 0.002461 -0.031628
-1.107757 -4.446628 9.634365 0.046006 -0.000732 0.047124
-0.585385 -2.129611 9.142117 0.015144 -0.029465 0.042867
0.658331 -2.017878 9.523473 -0.028489 -0.044365 -0.008216
0.020060 -2.821714 10.554897 0.019401 -0.017759 -0.012472
1.963856 -4.068667 7.904376 -0.006140 0.018424 0.046060
1.269971 -3.299778 8.890749 0.007695 0.016296 0.007748
2.080462 -2.013246 12.183573 0.008759 -0.016695 0.037546
3.429291 -4.646483 9.794799 0.004502 0.028002 -0.007151
-1.577995 -2.127113 7.369380 0.036428 -0.034787 -0.100803
-3.059191 -2.656083 8.921041 0.115181 0.019489 0.070537
1.627792 -2.557566 9.827909 0.077933 -0.020952 0.035417
3.380297 -2.558683 7.181781 0.066227 -0.013502 -0.027371
1.982212 -1.563084 6.360658 0.072612 0.013103 0.016262
1.037158 -6.043921 10.471817 0.152428 -0.025209 -0.019922
-2.924643 -1.868387 10.183023 0.083254 0.051415 0.015197
4.567656 -5.052615 9.966712 0.190740 -0.059264 0.027968
-3.535854 1.257437 5.487473 0.193933 0.088663 0.024775
1.207940 -6.320622 11.745612 0.306740 -0.042236 0.022647
-2.973874 -1.885287 8.838264 0.242887 0.081213 0.021583
0.872218 -5.664412 10.397752 0.254593 -0.050750 -0.013537
-0.520896 -0.893653 7.705236 0.330153 -0.052878 -0.006087
-1.245964 -1.480329 8.446613 0.312061 0.025874 -0.049720
-1.091622 -3.771528 7.897925 0.310997 0.025874 0.004555
1.231475 -1.354732 9.040611 0.385492 -0.020952 0.049252
-1.480031 -1.088727 9.206202 0.322704 0.087599 0.018390
-1.260130 -0.747901 6.959537 0.329089 -0.053943 -0.052913
-3.471353 -4.426464 10.475610 0.394006 -0.044365 0.062023
-0.996624 -2.718853 9.537560 0.367401 0.025874 0.029032
0.685761 -1.655066 9.982109 0.259915 0.036516 0.004555
0.751422 -1.094311 9.673555 0.225860 -0.007117 0.007748
1.764857 -3.354280 12.555419 0.313126 -0.039043 -0.020986
0.440179 -4.690281 12.052476 0.298226 -0.026273 0.016262
-1.737415 -1.878696 8.352472 0.210960 -0.026273 -0.034821
0.346211 -0.445382 7.396616 0.276942 -0.037979 0.014133
-3.979303 -1.350108 10.104022 0.240759 0.025874 0.037546
3.204954 -4.304471 13.885059 0.226924 -0.004988 0.063087
-1.560148 -3.277120 9.243632 0.176905 0.029067 -0.048656
-1.839622 -1.186793 6.931652 0.220538 0.015232 -0.064619
-2.796829 2.066560 7.927158 0.163071 0.001397 -0.007151
-1.358934 -3.215102 9.548308 0.182227 0.001397 -0.053977
2.538477 -1.402724 10.655087 0.124759 0.071635 0.027968
0.098832 -2.256257 9.835396 0.176905 -0.002860 0.036482
0.056151 -0.008084 10.227610 0.093896 0.021617 -0.042271
-0.142786 -1.235013 8.091134 0.109860 -0.108218 0.010940
2.399382 -2.829875 10.200708 0.099217 -0.003924 0.017326
1.086319 -2.399971 9.013891 0.055584 0.048223 -0.015665
-1.977484 -0.485063 7.190308 0.053456 0.000333 0.082243
0.363559 -0.431034 7.622355 0.144979 -0.050750 0.023711
2.721640 -6.569080 13.873794 0.126887 -0.105025 -0.001830
-3.438437 -0.434043 9.219624 0.040685 0.074828 -0.028436
3.369413 -3.548915 8.222125 0.143915 -0.072034 -0.049720
-2.383944 -0.816558 7.623817 0.107731 0.084406 0.005619
2.252375 -3.154472 9.637202 0.123694 -0.103961 0.007748
0.868629 -2.913030 8.723351 0.158814 -0.011374 -0.014601
-1.011527 -3.141040 10.912948 0.183291 0.065250 -0.022050
-1.399111 -1.871561 9.040017 0.148172 0.059929 0.065216
3.257077 -4.125780 12.153396 0.222667 -0.059264 -0.027371
2.112330 -1.037889 7.703357 0.259915 0.007782 0.004555
0.853906 -4.425737 10.830263 0.274814 0.026938 0.004555
-0.783755 -0.929244 8.348266 0.284392 0.042901 -0.030564
-3.903462 -1.235870 8.317777 0.349309 -0.036915 0.012005
2.849011 -1.412629 9.178336 0.312061 -0.036915 0.006684
-0.201364 -1.065616 7.656248 0.342924 0.048223 -0.034821
-2.398868 -2.864387 6.316845 0.329089 0.065250 0.100335
2.111511 -0.615121 9.934151 0.401456 -0.051814 0.074794
3.275840 -0.600721 13.341831 0.370593 -0.062456 -0.003959
7.265787 -2.535571 12.136782 0.329089 -0.002860 0.003491
0.774165 -3.096837 8.202781 0.395070 0.038645 -0.026307
0.375615 -1.604699 10.779433 0.384428 -0.036915 0.009876
0.480080 -2.320605 11.335524 0.361015 -0.093319 0.036482
1.480201 -0.817687 10.162723 0.387621 -0.066713 -0.010344
-2.340600 -3.007026 9.920842 0.406777 0.049287 -0.041206
1.132667 -2.927233 10.113866 0.437639 -0.015631 0.022647
-0.236152 -1.337356 9.594628 0.399327 -0.022016 0.024775
2.705975 -1.834729 10.781412 0.387621 0.069507 0.000298
-0.565218 -1.134624 8.013903 0.426997 0.049287 -0.010344
-4.413099 0.475540 8.817828 0.391878 0.102498 -0.001830
-1.328386 -1.602214 7.156381 0.385492 -0.016695 0.053509
-2.220318 -0.530418 6.519664 0.386557 0.021617 -0.005023
-0.826488 -0.468348 10.115694 0.373786 -0.018823 0.012005
-2.157268 -0.296503 6.907114 0.375914 0.065250 0.016262
0.200735 -1.860425 8.027890 0.366337 -0.017759 0.040739
1.730839 -0.700573 11.883434 0.336538 -0.024144 0.017326
1.783184 -0.721819 13.472889 0.293970 0.013103 -0.031628
0.268692 0.077762 10.330393 0.343988 0.022681 0.009876
-2.255906 -1.864091 8.856980 0.354630 0.016296 0.039674
0.216049 -0.220286 11.867234 0.254593 -0.048621 0.026904
4.271827 -0.279636 8.954586 0.290777 -0.067777 -0.035885
2.563650 -0.157267 8.823735 0.296098 -0.014566 -0.022050
-1.173646 -0.680817 8.817550 0.272685 0.038645 0.023711
1.606162 -3.156593 9.689964 0.231181 -0.035851 0.042867
1.882259 -0.471851 9.857487 0.256722 -0.027337 -0.029500
-0.181157 0.304715 10.683093 0.222667 0.038645 -0.026307
-0.396021 -2.177235 10.275840 0.223731 0.010975 -0.029500
-1.189800 -0.568482 9.836673 0.241823 -0.035851 0.014133
1.758427 -0.948713 12.313467 0.216282 -0.011374 0.030096
2.213032 -0.078111 10.469050 0.179034 -0.057135 -0.055041
-1.099568 -0.215329 9.746716 0.207768 0.002461 0.006684
-2.220140 -0.188086 13.171519 0.198190 0.000333 0.008812
-1.633251 -2.259978 12.122861 0.191805 -0.024144 0.025840
-2.648794 1.221927 9.502505 0.196061 0.081213 -0.012472
-2.225650 1.078097 6.546035 0.202447 -0.016695 0.002427
-0.107479 -1.723646 11.953955 0.231181 0.005654 0.005619
-0.493674 -1.995550 11.983673 0.229052 -0.012438 0.025840
1.592526 -0.204503 9.505094 0.190740 -0.043300 0.007748
-0.766512 -0.067802 7.835314 0.196061 0.034388 -0.015665
-3.239366 -0.156960 11.272801 0.251401 0.035452 -0.001830
-1.265994 -0.728605 8.223364 0.205639 0.008846 0.031161
0.523961 -0.144547 8.684778 0.185419 0.029067 -0.007151
0.982987 1.712076 9.308825 0.243951 -0.008181 0.001362
0.884784 -0.614546 10.486489 0.198190 -0.034787 0.020518
-6.745116 -0.905319 8.846473 0.167327 0.045030 0.049252
0.247772 -1.315953 10.327736 0.167327 0.031195 0.001362
-0.306310 1.490695 9.640011 0.100282 -0.003924 -0.031628
0.673666 2.425170 5.571153 0.126887 0.007782 0.005619
0.081248 -1.607154 9.619264 0.154557 -0.022016 0.047124
1.233963 0.790923 10.186019 0.118373 -0.006053 0.012005
2.494921 0.718392 7.457681 0.083254 0.002461 0.026904
-0.949566 1.722487 9.920881 0.115181 0.002461 0.002427
3.288770 -3.421849 11.666593 0.206704 -0.056071 0.037546
-0.166526 -0.053518 9.108027 0.082190 0.017360 -0.022050
-3.946703 4.269800 8.142727 0.066227 0.074828 0.055638
-0.502715 0.631174 6.786157 0.096025 -0.016695 -0.024179
-0.790556 0.402350 7.832943 0.097089 0.020553 0.019454
1.599327 -1.287634 11.690533 0.047071 -0.069906 0.003491
0.370296 0.927156 9.299793 0.007695 -0.036915 -0.015665
-1.917834 2.614929 6.801367 0.089639 0.038645 0.021583
-0.995243 -1.105722 8.594690 0.060906 0.030131 -0.008216
-0.611743 -0.162688 11.822077 0.010887 0.014168 -0.017793
-2.066171 0.269493 9.596697 0.086447 -0.001796 0.041803
1.441774 1.482439 7.112650 0.066227 -0.018823 0.016262
0.664661 -1.397550 8.506815 0.074740 -0.006053 -0.057170
-0.258544 1.388318 11.284078 0.105603 -0.045429 0.034353
0.834803 0.141760 8.989808 0.091768 -0.023080 0.012005
0.916218 1.184673 9.242029 0.060906 0.026938 0.015197
-1.794141 2.502954 8.307866 0.108795 0.051415 0.030096
0.345081 -1.843578 9.273149 0.226924 -0.090126 -0.003959
-0.500812 0.612315 8.254307 0.108795 0.039709 -0.030564
-0.381253 0.877323 9.212080 -0.045516 0.021617 -0.011408
-0.119724 0.301882 8.029677 -0.001883 0.046094 0.039674
1.124076 0.026996 8.387218 0.022594 0.013103 0.115234
0.047439 -1.645218 10.289091 -0.022104 -0.033722 0.097142
-0.931434 -0.066582 15.078171 -0.046581 -0.018823 -0.027371
-4.078944 2.393956 7.524379 -0.035938 0.041837 -0.027371
0.279979 -0.924764 9.156698 -0.039131 -0.013502 -0.048656
1.664239 -1.397674 10.215428 -0.013590 -0.010310 0.009876
-0.315691 -0.380358 9.440132 -0.004012 0.032259 0.031161
2.932843 1.410531 8.865443 -0.072122 -0.033722 -0.015665
0.040662 -0.134891 8.170238 -0.005076 -0.023080 -0.049720
-0.312977 0.140190 11.259965 -0.027425 0.008846 -0.022050
-2.799891 -0.200580 8.204740 -0.063608 0.064186 0.005619
-3.872040 1.726125 10.499178 -0.005076 0.013103 0.052445
0.348170 2.750462 9.321400 0.014080 -0.019888 -0.011408
1.668188 -2.094466 10.657201 0.076869 -0.070970 -0.025243
-0.085437 0.187492 9.139185 -0.018911 -0.040108 -0.017793
5.654813 1.598279 10.714499 -0.013590 -0.046493 0.059895
1.644619 -3.178593 6.516214 0.058777 0.003525 0.015197
-0.033680 -0.585944 7.970397 0.034300 -0.014566 0.036482
2.662274 0.943206 10.895757 -0.027425 0.068443 -0.050784
-2.215184 -1.945110 9.724196 -0.039131 -0.010310 -0.098674
-1.449742 -0.086682 7.460351 0.010887 -0.032658 -0.019922
0.678459 0.282557 8.559385 0.004502 -0.003924 0.022647
0.439658 -1.406659 10.684625 -0.000819 0.022681 -0.063555
-0.974207 -0.661593 10.143742 -0.009333 -0.033722 -0.039078
0.017893 1.247258 10.365485 0.007695 -0.012438 -0.028436
-0.355860 -2.890985 9.228186 0.006630 -0.022016 -0.069940
0.675877 -0.380396 11.673741 0.016208 0.000333 0.000298
-0.326686 0.416418 7.413804 0.015144 0.056736 -0.003959
-2.829719 0.532171 8.708405 0.019401 0.040773 -0.013537
2.743377 -3.178550 9.519840 0.069419 -0.010310 0.004555
4.315659 -0.324688 10.893231 0.052392 -0.023080 0.008812
1.169550 -1.526535 9.047531 0.123694 0.022681 -0.017793
0.145343 -0.869487 11.251634 0.120502 0.006718 0.016262
0.539456 1.488181 10.949070 0.050263 -0.004988 -0.081647
-3.598934 -3.811265 6.885740 0.177970 -0.013502 -0.002894
-0.027055 -0.082150 9.493281 0.212025 0.005654 0.016262
0.078542 1.662160 8.317923 0.189676 0.053544 0.005619
0.708912 1.170707 10.944760 0.227988 -0.016695 0.030096
2.542773 -2.336289 7.911083 0.332281 -0.034787 -0.042271
4.141163 -0.522986 9.099081 0.345052 -0.008181 -0.030564
-2.032759 -2.904387 10.807868 0.315254 0.071635 -0.034821
-2.769488 -1.293410 9.485126 0.411034 0.021617 -0.056105
1.529308 1.967098 8.569251 0.465309 0.004590 -0.018858
0.396610 -1.139614 9.045348 0.451474 0.017360 0.039674
1.858951 2.322722 9.606045 0.391878 0.030131 -0.058234
-2.733245 0.923326 7.492419 0.504685 0.010975 0.005619
-0.021192 0.302274 10.738197 0.450410 -0.047557 0.004555
-0.362613 -0.143766 11.376184 0.466373 -0.001796 -0.072069
2.362666 1.852394 9.697707 0.472758 -0.025209 -0.020986
-0.931561 0.221012 7.711347 0.492979 0.089727 0.040739
1.780661 -1.194757 10.907111 0.504685 -0.013502 -0.015665
1.108939 -0.180283 10.529970 0.514263 -0.028401 -0.013537
1.507160 -0.018551 8.065236 0.507878 -0.004988 0.039674
-2.265234 1.439058 10.197342 0.478080 0.034388 0.050317
1.272472 2.175394 12.129627 0.461052 -0.032658 -0.005023
1.126410 1.793179 9.428036 0.439768 -0.051814 0.012005
3.715336 0.240814 8.765376 0.495107 -0.068842 -0.027371
-2.150446 0.985713 11.057586 0.475951 0.066314 0.009876
-1.900346 1.646412 9.395466 0.510006 0.080149 0.023711
1.634812 1.164941 7.015759 0.479144 -0.085869 0.034353
2.268658 0.597176 10.006069 0.472758 -0.025209 -0.018858
2.001163 3.313301 11.070011 0.442960 0.021617 0.063087
-4.393729 1.174551 7.375981 0.470630 0.095048 0.037546
2.723563 1.222239 9.867326 0.486593 -0.086933 0.013069
2.700414 1.296401 10.936310 0.453603 -0.025209 -0.027371
3.123398 -0.365292 7.718278 0.468502 0.024810 -0.023115
-1.109128 0.063511 7.323576 0.529162 0.102498 0.041803
0.534327 0.125306 9.822783 0.553639 0.018424 0.009876
3.133688 1.138931 12.270280 0.552575 -0.074163 -0.034821
0.083496 0.020735 11.429769 0.563217 -0.070970 -0.011408
-3.344012 4.016805 9.489051 0.587694 0.019489 0.017326
-3.206832 1.584911 9.579337 0.611107 -0.024144 0.003491
2.656510 2.392058 12.387875 0.501492 -0.081612 0.008812
3.120427 2.412897 9.531326 0.539804 0.024810 -0.036949
0.390506 1.144256 8.898402 0.615364 0.009911 -0.018858
-1.427245 2.822846 9.846024 0.542997 -0.013502 -0.013537
0.424744 5.118438 13.001868 0.496171 -0.059264 -0.018858
0.298534 0.309183 9.962292 0.577052 -0.012438 -0.027371
0.926588 2.595042 8.900189 0.542997 0.031195 -0.025243
-3.852803 -0.006649 9.498814 0.552575 0.078021 -0.013537
2.821626 2.923965 11.010565 0.513199 -0.039043 0.027968
4.130852 2.598470 8.441494 0.520648 -0.072034 0.002427
2.866630 1.257979 9.858245 0.397199 0.048223 0.031161
-3.914450 1.940310 6.617289 0.431254 0.038645 0.071601
-1.471642 2.505240 8.482224 0.419547 -0.014566 0.155674
2.470968 2.814450 11.798244 0.356759 -0.011374 0.139711
2.105246 0.883561 9.625537 0.352502 0.025874 0.069473
-0.491020 2.711979 5.354008 0.375914 0.013103 0.064151
2.718180 1.730676 10.544449 0.282263 0.000333 0.082243
0.376790 2.163617 10.877436 0.362080 -0.026273 0.050317
2.718273 2.644474 9.064569 0.349309 -0.086933 0.030096
-1.904712 2.758183 7.231420 0.269493 0.020553 0.009876
-1.096581 2.321619 10.298276 0.352502 0.039709 0.073729
0.574751 3.471375 11.054015 0.281199 -0.064585 0.071601
0.571098 3.014822 6.466566 0.227988 0.000333 0.008812
0.356504 1.896003 8.791520 0.283327 -0.004988 0.048188
-0.008543 0.858248 10.244188 0.321639 0.016296 0.038610
-0.380182 3.342440 8.278847 0.270557 0.020553 0.043931
2.805488 4.169527 9.734996 0.263107 -0.016695 -0.001830
1.857642 3.074810 11.713356 0.258850 -0.010310 0.016262
-4.584189 1.511542 9.995815 0.269493 -0.046493 0.000298
1.509070 2.566331 9.890144 0.292905 -0.065649 0.085436
1.140490 3.516520 11.219585 0.210960 -0.046493 0.020518
0.835831 4.060682 10.693770 0.202447 -0.024144 -0.036949
0.672187 2.895503 6.763796 0.240759 0.023745 0.035417
4.099244 2.692048 11.520250 0.163071 -0.115667 0.002427
0.492492 3.254036 9.806529 0.093896 -0.011374 -0.003959
4.089334 3.699030 10.712664 0.132208 0.000333 0.108849
-1.775517 3.858620 9.153865 0.043878 0.062057 0.017326
-2.523956 3.040483 10.028173 0.069419 0.037580 -0.023115
-0.098068 5.753445 12.926805 -0.004012 -0.100768 0.002427
-1.220420 3.612809 10.538061 -0.009333 -0.003924 0.007748
1.203424 4.358611 9.195854 0.022594 -0.011374 0.042867
-0.336001 2.225449 7.737151 -0.019975 0.026938 0.035417
-0.381585 2.786425 8.540075 -0.099792 -0.040108 -0.007151
2.046517 5.625343 8.124712 -0.105113 -0.025209 0.009876
-0.364049 4.144418 9.013095 -0.044452 0.026938 0.003491
-4.113877 0.363182 8.355430 -0.015718 0.043966 -0.097610
-0.014898 1.607544 9.802420 -0.139168 0.015232 0.050317
0.693929 3.881812 11.082934 -0.120012 0.040773 0.043931
-0.984917 4.645802 8.828445 -0.178544 0.021617 0.001362
0.325531 2.388041 11.323943 -0.201957 -0.000732 -0.013537
-0.852962 4.116236 10.657991 -0.227498 -0.092254 -0.076326
-0.416564 1.977829 11.157804 -0.289223 -0.015631 -0.000766
1.627195 5.027029 11.473056 -0.295608 0.040773 0.021583
-3.084193 2.751685 8.444322 -0.309443 0.036516 -0.013537
-2.525148 2.896964 7.963714 -0.255168 0.014168 -0.049720
3.836570 5.212476 12.574674 -0.339241 -0.063521 0.042867
-0.960478 2.543394 9.562257 -0.311571 0.048223 -0.009280
0.939017 2.752317 7.458236 -0.294544 0.072700 0.014133
-0.163667 1.297041 7.818276 -0.214727 0.056736 -0.063555
2.612453 1.425326 11.052481 -0.329663 -0.065649 -0.038014
1.122700 4.191995 11.754161 -0.294544 0.003525 0.033289
-1.766704 3.214205 8.816445 -0.297736 -0.018823 0.013069
-1.553618 1.808348 8.085144 -0.234948 0.005654 -0.002894
2.295526 3.174818 11.391556 -0.282837 0.006718 0.086500
0.478351 4.125016 9.165203 -0.288158 -0.055007 -0.006087
-0.548867 3.879519 8.577773 -0.240269 0.050351 -0.013537
1.817280 4.465680 8.694016 -0.255168 -0.050750 0.029032
2.899696 2.377246 9.898904 -0.327535 -0.083741 -0.025243
-1.669349 1.989444 6.046535 -0.296672 0.059929 -0.025243
1.984590 2.385072 11.803889 -0.264746 -0.047557 -0.001830
-1.292977 1.428948 9.078859 -0.218984 0.019489 -0.018858
2.018074 3.890464 8.768153 -0.305186 0.002461 -0.026307
-2.479265 2.331231 7.262942 -0.239204 0.017360 0.016262
1.009605 2.969805 9.610808 -0.251975 -0.020952 0.002427
-1.641173 3.725222 11.038118 -0.281773 0.065250 0.016262
2.167690 0.690249 9.746845 -0.195571 -0.032658 0.040739
-2.280662 3.441590 11.722776 -0.253039 -0.000732 -0.069940
0.359319 3.566750 9.984366 -0.322214 0.014168 -0.016729
0.778386 2.914622 7.196475 -0.233883 0.006718 0.062023
0.815703 1.616401 7.547972 -0.253039 -0.002860 0.040739
-0.431856 2.875259 11.761315 -0.306250 -0.001796 -0.027371
2.109622 2.373014 11.329122 -0.347755 -0.010310 0.029032
0.456594 3.179930 8.936928 -0.250911 0.033323 -0.009280
2.996393 2.966368 7.967881 -0.294544 -0.035851 0.008812
1.938092 1.217736 9.603724 -0.359461 0.005654 -0.036949
-0.734683 1.779300 7.550622 -0.364782 0.001397 -0.024179
1.105366 2.626252 10.504272 -0.260489 0.078021 0.048188
0.786525 2.850496 9.161145 -0.376489 0.030131 0.056702
-1.203301 1.297599 8.732255 -0.361590 0.038645 -0.055041
-1.167762 4.729841 11.571797 -0.427571 -0.066713 -0.057170
-4.256988 2.115367 11.046896 -0.366911 0.035452 0.021583
-2.462749 3.956463 7.422416 -0.388195 0.052479 0.017326
1.160028 1.601993 7.843549 -0.365846 -0.032658 -0.000766
0.544755 0.380843 10.979793 -0.402030 0.038645 -0.020986
0.653123 2.927189 10.864105 -0.443535 0.018424 0.002427
-1.486621 2.989552 7.501118 -0.503131 -0.029465 0.014133
-3.884336 -1.236006 7.514865 -0.437149 -0.017759 -0.056105
2.232810 1.392172 11.726056 -0.480782 -0.055007 -0.006087
-2.754148 2.906338 6.319105 -0.459498 0.053544 0.007748
-1.016006 1.886814 7.606838 -0.416929 0.067378 -0.060362
1.611749 1.062371 7.272245 -0.403094 0.008846 0.031161
-0.335011 2.460038 12.198648 -0.482911 0.000333 -0.020986
-0.877047 1.829776 9.448356 -0.502067 0.020553 -0.016729
-0.048262 1.932262 10.674234 -0.454177 0.024810 0.036482
0.490578 0.053682 9.532817 -0.431828 -0.002860 -0.002894
-0.201992 2.254320 9.528779 -0.471204 0.008846 0.018390
0.387085 2.020591 11.934604 -0.458434 -0.017759 -0.014601
-0.487774 3.808239 10.706515 -0.511645 0.017360 -0.034821
1.793463 0.200904 8.125492 -0.426507 0.020553 -0.003959
0.268219 -1.087297 7.555456 -0.389259 0.004590 0.005619
-2.150419 1.372337 11.119414 -0.407351 0.042901 -0.066748
-0.648140 2.300095 11.126299 -0.469076 -0.004988 0.002427
0.288592 1.175618 10.760616 -0.400966 0.010975 0.048188
-1.608082 0.749018 9.712133 -0.463755 -0.023080 -0.015665
0.514637 1.201751 10.578353 -0.423314 -0.009245 0.015197
1.633092 2.509004 9.880992 -0.437149 0.045030 0.067344
-0.438697 1.750817 9.261941 -0.420122 -0.008181 0.006684
1.407955 0.485106 8.466510 -0.367975 0.003525 0.000298
2.250446 2.912197 10.619299 -0.492489 -0.066713 -0.036949
-2.204544 -0.558852 7.835811 -0.448856 0.005654 -0.060362
0.191184 2.220992 11.033698 -0.410544 0.054608 -0.002894
2.434931 -1.392930 11.954264 -0.431828 -0.009245 0.064151
1.845737 1.012434 8.985756 -0.430764 0.029067 0.000298
-1.824942 0.579538 8.934641 -0.424379 0.062057 0.007748
1.606141 1.743280 11.985613 -0.417993 0.026938 0.002427
-0.305022 -0.070308 8.233386 -0.403094 -0.055007 -0.032693
3.135112 -0.011966 8.511833 -0.369039 0.034388 0.051381
-3.736882 1.471188 13.464334 -0.419057 0.022681 -0.044399
-1.329249 1.476927 10.551661 -0.417993 0.033323 0.025840
0.930412 1.206010 8.386842 -0.407351 0.019489 0.039674
-0.439509 -2.301220 10.886234 -0.364782 -0.069906 -0.023115
-1.551818 -1.004921 10.773931 -0.330727 0.087599 0.018390
1.721184 1.964824 9.752877 -0.375424 0.055672 0.034353
-2.445976 -2.035547 10.723658 -0.442470 -0.008181 -0.042271
0.686977 -4.206497 8.416159 -0.336048 -0.043300 0.008812