0.090387 0.053869 9.707453 -0.000819 0.000333 0.000298
0.052221 -0.060672 9.690695 -0.004012 0.002461 0.005619
0.164636 0.006125 9.807438 -0.005076 0.001397 0.005619
0.030830 -0.039180 9.719143 -0.004012 0.000333 0.002427
0.057165 -0.060664 9.750100 0.001309 -0.000732 0.001362
0.071516 -0.022483 9.769153 0.007695 -0.007117 -0.002894
0.312740 0.223256 9.914805 0.035364 -0.019888 -0.015665
0.026416 -0.203832 9.818881 0.002373 0.000333 -0.002894
0.090652 -0.022487 9.788214 -0.004012 0.001397 -0.012472
0.064089 0.015691 9.681238 -0.001883 0.003525 0.010940
0.107107 0.080115 9.719383 -0.004012 0.002461 0.021583
0.216688 -0.101314 9.648403 -0.001883 0.005654 0.006684
0.171570 -0.082193 9.719544 0.001309 -0.000732 -0.009280
0.066750 -0.051119 9.766759 0.001309 -0.001796 -0.023115
0.030808 -0.000996 9.716774 0.006630 -0.003924 -0.010344
0.068997 0.158890 9.747793 0.005566 -0.001796 0.007748
0.152214 0.070540 9.645868 0.000245 -0.001796 0.020518
0.176675 -0.122748 9.828833 0.000245 0.002461 0.007748
0.040969 -0.292127 9.890179 0.028979 -0.000732 0.006684
0.079118 -0.485454 9.859375 0.116245 0.000333 0.031161
0.160184 -0.499807 9.847731 0.183291 0.002461 0.006684
0.207854 -0.452097 9.843124 0.264171 0.004590 -0.009280
-0.011741 -0.411447 9.792606 0.361015 0.003525 -0.011408
0.097825 -0.292171 9.757307 0.433382 0.004590 -0.016729
0.248217 -0.232559 9.810019 0.524905 0.004590 -0.030564
0.073980 -0.082143 9.788156 0.611107 0.010975 -0.002894
0.013872 0.271066 9.671630 0.684538 0.009911 0.005619
0.204904 0.500112 9.779125 0.712208 0.009911 -0.014601
0.044520 0.843809 9.626673 0.733492 0.012039 -0.016729
0.177910 1.065697 9.596212 0.733492 0.010975 0.010940
0.051225 1.230405 9.524601 0.701566 0.006718 -0.026307
0.070573 1.342580 9.631579 0.687731 0.009911 0.003491
0.086907 1.383126 9.512850 0.682410 0.012039 0.014133
0.136896 1.578799 9.505900 0.674960 0.007782 -0.010344
0.112876 1.795976 9.477357 0.655804 0.013103 0.019454
0.005351 1.901017 9.424798 0.626006 0.010975 -0.000766
0.041131 2.101474 9.453441 0.597272 0.009911 -0.007151
0.136371 2.153931 9.403837 0.575988 0.008846 0.004555
0.110006 2.268490 9.375271 0.555768 0.007782 -0.002894
0.078939 2.437945 9.377583 0.528098 0.004590 -0.003959
0.164497 2.583475 9.292332 0.488722 0.007782 0.004555
0.069117 2.516690 9.292044 0.455731 0.007782 -0.002894
0.043056 2.600240 9.363251 0.436575 0.004590 -0.007151
0.097816 2.690902 9.342043 0.416355 0.005654 -0.001830
0.085727 2.769655 9.296884 0.396135 0.006718 -0.010344
-0.000456 2.908092 9.206381 0.364208 0.004590 -0.016729
0.102121 3.199213 9.251863 0.307804 0.004590 -0.005023
0.132899 3.251693 9.180691 0.247144 0.003525 -0.005023
0.075598 3.189662 9.152006 0.188612 0.002461 -0.001830
0.035220 3.163435 9.206526 0.139658 0.002461 -0.005023
0.101860 3.158627 9.156829 0.100282 0.006718 -0.010344
0.004397 3.206415 9.275335 0.039621 0.003525 -0.043335
0.080387 3.316149 9.175797 0.015144 0.003525 0.003491
0.192456 3.416338 9.178514 -0.044452 0.000333 -0.008216
0.058723 3.394903 9.118731 -0.106177 0.002461 -0.006087
0.097338 3.266038 9.256610 -0.160452 0.000333 -0.009280
0.166267 3.139509 9.157013 -0.212599 0.000333 -0.014601
0.045274 2.986853 9.358567 -0.232819 0.001397 -0.011408
0.023740 2.807866 9.310965 -0.243461 -0.002860 -0.013537
0.007082 2.781622 9.320414 -0.238140 0.001397 -0.005023
0.109691 2.764878 9.334963 -0.246654 -0.000732 -0.003959
0.093087 2.674200 9.353906 -0.239204 -0.003924 -0.014601
0.112253 2.686130 9.384846 -0.238140 -0.000732 -0.005023
0.047863 2.664677 9.384655 -0.240269 -0.000732 -0.005023
0.031059 2.638426 9.344217 -0.253039 0.001397 -0.000766
0.021582 2.566836 9.356055 -0.273259 -0.006053 -0.007151
0.076440 2.478512 9.344324 -0.281773 -0.003924 -0.005023
0.126763 2.392588 9.413349 -0.287094 -0.006053 -0.006087
0.119465 2.263709 9.346789 -0.287094 0.000333 -0.001830
-0.052046 2.270949 9.422313 -0.282837 -0.001796 0.000298
0.179457 2.184948 9.460982 -0.272195 -0.001796 -0.000766
0.179664 2.046539 9.513225 -0.251975 -0.000732 -0.003959
0.024711 2.017966 9.536527 -0.233883 -0.003924 -0.002894
0.120074 1.967808 9.515415 -0.216856 -0.004988 -0.000766
0.084464 1.948739 9.569948 -0.193443 -0.001796 -0.008216
0.019843 1.948752 9.493740 -0.176415 -0.002860 0.005619
0.155660 1.908119 9.441864 -0.173223 0.001397 -0.005023
0.141696 1.960648 9.567740 -0.163645 -0.002860 0.005619
0.084443 1.912939 9.558064 -0.158324 0.000333 0.003491
0.118059 1.767358 9.615155 -0.146617 0.000333 0.001362
0.077745 1.702949 9.686296 -0.126397 0.002461 -0.002894
0.065649 1.784088 9.638762 -0.107241 -0.003924 -0.000766
0.084541 1.772137 9.572296 -0.093406 -0.002860 -0.001830
0.046288 1.824652 9.548437 -0.091278 0.002461 -0.002894
0.087017 1.874763 9.617457 -0.092342 -0.000732 -0.002894
0.165646 1.815064 9.582042 -0.101920 0.003525 0.000298
0.139283 1.836547 9.541582 -0.108305 0.000333 -0.005023
0.027164 1.881935 9.541264 -0.122140 0.001397 -0.006087
0.091575 1.815086 9.536689 -0.148746 -0.002860 -0.006087
0.081971 1.889070 9.524795 -0.177480 -0.001796 -0.003959
0.119967 1.922457 9.472647 -0.230691 0.000333 -0.012472
0.024693 1.958301 9.522264 -0.292415 -0.003924 -0.008216
0.148654 1.951089 9.498866 -0.364782 -0.007117 0.008812
0.096273 1.664727 9.491542 -0.414801 -0.003924 0.000298
0.282691 1.361580 9.579933 -0.436085 -0.006053 -0.011408
-0.062865 1.347413 9.676330 -0.416929 -0.003924 -0.026307
-0.065594 1.359329 9.559916 -0.417993 -0.006053 0.009876
0.149687 1.056184 9.731541 -0.420122 -0.000732 0.007748
0.071261 0.707792 9.781146 -0.390324 -0.003924 -0.005023
-0.038385 0.652948 9.797448 -0.338177 -0.006053 -0.013537
-0.009521 0.652950 9.880679 -0.277516 -0.006053 0.000298
0.247816 0.535892 9.776880 -0.234948 0.000333 0.002427
0.173576 0.753083 9.703053 -0.214727 -0.006053 -0.029500
0.054166 0.979845 9.681362 -0.231755 -0.002860 -0.031628
0.125541 0.769789 9.591262 -0.221113 0.004590 0.035417
0.183547 0.452395 9.809939 -0.191315 0.000333 0.017326
0.278710 0.278125 9.703284 -0.154067 0.000333 0.006684
0.143000 0.364109 9.797930 -0.111498 -0.000732 -0.012472
-0.038545 0.567023 9.730916 -0.087021 0.001397 -0.006087
0.030531 0.574151 9.700234 -0.083828 0.000333 -0.028436
0.173754 0.688655 9.755309 -0.069993 0.000333 0.003491
0.063674 0.660040 9.626699 -0.087021 0.002461 -0.002894
0.142610 0.683887 9.707705 -0.101920 0.002461 -0.001830
0.214170 0.722044 9.715045 -0.127461 0.001397 0.013069
0.025560 0.784159 9.659867 -0.163645 -0.001796 0.007748
0.087781 0.698229 9.719425 -0.193443 0.002461 0.014133
0.195153 0.578861 9.717343 -0.203021 0.000333 0.013069
0.106846 0.440472 9.679054 -0.211535 -0.000732 0.018390
0.071296 0.304465 9.738320 -0.200892 0.001397 0.024775
0.006806 0.256754 9.700115 -0.192379 0.000333 0.015197
0.133360 0.213753 9.743237 -0.189186 -0.001796 0.004555
0.161793 0.287715 9.688692 -0.174287 -0.001796 0.008812
0.159769 0.180340 9.797949 -0.165773 -0.000732 0.015197
0.128614 0.082496 9.733701 -0.159388 0.000333 0.002427
0.166623 0.101565 9.683926 -0.149810 0.004590 -0.007151
0.123922 0.094435 9.762196 -0.137039 0.002461 -0.001830
0.135696 0.144540 9.717102 -0.126397 0.000333 0.012005
0.157197 0.056230 9.717151 -0.128526 -0.000732 0.012005
0.142826 0.068165 9.698105 -0.134911 0.002461 -0.007151
0.061884 -0.072601 9.731107 -0.123204 0.003525 0.002427
0.047758 -0.117931 9.788074 -0.100856 0.001397 0.010940
0.212324 -0.132316 9.783797 -0.067865 0.013103 0.005619
0.071813 -0.633426 9.788062 -0.004012 0.014168 0.022647
-0.100628 -0.010504 9.628491 -0.008269 0.002461 -0.042271
0.119285 0.194679 9.821589 -0.002948 0.001397 -0.039078
0.064064 0.235253 9.702654 -0.005076 0.002461 0.019454
0.123768 -0.058314 9.688527 -0.004012 0.004590 0.027968
0.147857 -0.098882 9.764611 -0.010397 0.002461 0.010940
0.081074 -0.032032 9.773931 -0.011461 0.000333 -0.019922
0.035769 0.022878 9.785686 -0.007205 0.005654 -0.007151
0.119219 0.135012 9.790696 -0.017847 0.004590 0.001362
0.099808 0.006127 9.659960 -0.014654 0.008846 0.009876
0.116390 -0.022525 9.617242 -0.017847 0.006718 0.001362
0.193014 -0.008219 9.721995 -0.019975 0.013103 -0.007151
0.171730 0.039530 9.790833 -0.023168 0.010975 -0.014601
0.145049 0.337837 9.679150 -0.062544 0.029067 -0.006087
-0.009348 0.903418 9.156148 0.005566 0.004590 0.041803
-0.324112 -0.077200 9.865396 -0.004012 0.003525 -0.002894
-0.312936 -0.387498 9.566048 -0.007205 0.003525 -0.010344
-0.009970 0.125495 9.654909 -0.012526 0.006718 -0.043335
0.080637 0.371274 9.678967 -0.016783 0.002461 -0.036949
0.296181 0.559775 10.007462 -0.193443 0.000333 0.010940
0.137989 0.516837 9.736172 -0.286030 0.001397 0.049252
-0.102178 0.695965 10.011077 -0.403094 0.004590 -0.003959
0.128773 0.433329 9.835910 -0.493553 -0.000732 -0.000766
0.243258 -0.244500 9.743484 -0.564856 -0.002860 0.043931
0.126504 -0.595272 9.735962 -0.569112 -0.003924 -0.001830
0.011832 -0.370900 9.702406 -0.540378 -0.004988 -0.030564
0.026077 -0.607179 9.647769 -0.558470 -0.007117 0.006684
0.195561 -0.853055 9.662477 -0.546764 -0.006053 0.015197
0.236243 -0.843517 9.710110 -0.569112 -0.006053 -0.033757
0.143248 -0.769495 9.728857 -0.585076 -0.006053 -0.002894
-0.049903 -0.883971 9.728277 -0.614874 -0.004988 0.012005
0.057169 -1.172802 9.600257 -0.634030 -0.008181 0.015197
0.302754 -1.466451 9.532030 -0.639351 -0.008181 0.004555
0.162054 -1.681185 9.510207 -0.609553 -0.002860 -0.027371
0.007184 -1.623837 9.573908 -0.579755 -0.006053 -0.008216
0.035709 -1.747955 9.524083 -0.576562 -0.007117 0.026904
0.269390 -1.938976 9.477219 -0.559534 -0.004988 0.007748
0.157149 -2.110772 9.405597 -0.544635 -0.004988 -0.011408
0.131017 -2.356571 9.407857 -0.503131 -0.002860 -0.000766
0.164249 -2.583317 9.322394 -0.425443 -0.002860 -0.006087
0.080385 -3.518837 9.063057 -0.297736 -0.001796 0.015197
0.202567 -3.814790 9.208280 -0.017847 0.002461 -0.014601
0.109041 -2.330338 9.236751 0.134337 0.003525 -0.003959
0.167184 -2.327926 9.545753 0.101346 0.000333 -0.007151
0.250473 -1.915094 9.536558 0.131144 0.006718 -0.030564
0.123854 -2.024837 9.450650 0.071548 0.003525 0.020518
0.145646 -1.919819 9.576640 0.064098 0.004590 0.002427
0.169249 -1.991439 9.481671 0.024722 0.000333 0.013069
0.009598 -1.888745 9.547742 -0.010397 0.000333 0.005619
0.078520 -2.070164 9.438634 -0.008269 0.002461 0.023711
0.071575 -2.268235 9.483719 0.005566 0.003525 0.026904
0.085790 -2.306431 9.445744 0.020465 0.005654 0.001362
0.085513 -2.132227 9.374501 0.035364 0.002461 0.006684
0.219579 -2.096454 9.550694 0.035364 0.002461 -0.005023
0.090603 -2.029589 9.498066 0.032172 0.001397 0.003491
0.028835 -1.986593 9.588167 0.018337 0.003525 0.003491
0.209882 -2.156123 9.488890 0.021529 0.003525 0.003491
0.076162 -2.244381 9.424346 0.040685 0.001397 0.000298
0.119471 -2.196646 9.559890 0.060906 0.005654 0.000298
0.069129 -2.079699 9.488493 0.078997 0.003525 0.000298
0.159619 -2.115541 9.434111 0.093896 0.001397 -0.000766
0.219512 -2.065432 9.531693 0.099217 0.004590 -0.008216
0.119362 -2.027207 9.545662 0.108795 0.003525 -0.000766
0.102509 -1.962771 9.500487 0.111988 -0.000732 0.008812
0.174211 -2.091666 9.533935 0.120502 0.004590 0.004555
0.074163 -1.993770 9.590674 0.139658 0.004590 -0.000766
0.171913 -1.891189 9.590974 0.144979 0.003525 -0.006087
0.133695 -1.750370 9.590886 0.124759 0.003525 -0.009280
0.171983 -1.647756 9.648028 0.101346 0.000333 -0.001830
0.066913 -1.633401 9.607340 0.076869 0.003525 0.000298
0.095568 -1.683529 9.612166 0.054520 0.003525 0.001362
0.167100 -1.695491 9.602870 0.044942 0.000333 0.003491
0.167108 -1.664466 9.610001 0.026850 0.002461 -0.005023
0.071501 -1.609548 9.547966 -0.000819 0.004590 0.002427
0.038275 -1.678736 9.595371 -0.030617 -0.000732 0.008812
0.105161 -1.814791 9.612174 -0.039131 0.001397 0.002427
0.114599 -1.800481 9.578943 -0.041260 0.003525 0.003491
0.090851 -1.695457 9.628780 -0.052966 0.002461 -0.000766
0.121596 -1.750374 9.531459 -0.066801 -0.001796 0.003491
0.183642 -1.936549 9.517356 -0.061480 -0.001796 -0.002894
0.066618 -1.955603 9.462374 -0.034874 0.000333 0.003491
0.185820 -1.991452 9.438957 -0.014654 -0.001796 0.002427
0.193265 -1.953254 9.543514 -0.000819 0.000333 -0.003959
0.076560 -1.972291 9.597813 0.016208 0.004590 -0.006087
0.150079 -1.960411 9.455488 0.042814 0.003525 0.001362
0.126412 -1.969938 9.517184 0.070483 0.001397 -0.005023
0.176270 -1.862574 9.453204 0.090704 0.006718 -0.007151
0.143069 -1.733677 9.536275 0.096025 0.003525 -0.006087
0.152839 -1.752760 9.612322 0.091768 0.002461 -0.003959
0.121578 -1.669232 9.536223 0.082190 0.004590 -0.006087
0.081378 -1.726475 9.647753 0.082190 0.000333 0.002427
0.090620 -1.776613 9.538492 0.092832 0.003525 -0.003959
0.126465 -1.824354 9.555219 0.104539 0.002461 -0.007151
0.078983 -1.647718 9.654885 0.111988 0.000333 -0.002894
0.086072 -1.585674 9.640662 0.105603 0.002461 -0.005023
0.078752 -1.554654 9.588381 0.094961 0.004590 0.003491
0.152771 -1.771857 9.586186 0.102410 0.005654 0.001362
0.188830 -1.855385 9.671801 0.146043 0.003525 0.002427
0.126233 -1.938922 9.460174 0.209896 0.006718 0.005619
0.109494 -1.759925 9.469655 0.267364 0.006718 -0.003959
0.209813 -1.578579 9.543621 0.299291 0.005654 -0.007151
0.186100 -1.421049 9.612472 0.309933 0.003525 -0.000766
0.052653 -1.148921 9.690523 0.290777 0.007782 -0.005023
0.138459 -0.931781 9.700309 0.246080 0.002461 0.005619
0.207805 -1.046354 9.745629 0.203511 0.005654 0.019454
0.200530 -1.110794 9.695710 0.189676 0.004590 0.004555
0.026184 -1.105965 9.616808 0.176905 0.003525 0.005619
-0.042968 -1.027180 9.633248 0.171584 0.000333 0.000298
0.176736 -1.027252 9.726538 0.163071 0.006718 0.005619
0.081020 -1.048710 9.616977 0.154557 0.004590 0.003491
-0.045448 -0.910243 9.616632 0.139658 0.006718 -0.018858
0.098057 -0.843454 9.761971 0.118373 0.001397 0.002427
0.195750 -0.824406 9.731376 0.083254 0.001397 0.003491
0.055119 -0.724109 9.776120 0.054520 0.003525 -0.002894
0.076485 -0.821972 9.728655 0.031107 0.001397 0.006684
0.198069 -0.831570 9.707624 0.017273 0.002461 0.002427
0.069308 -1.063013 9.688210 0.025786 0.003525 0.007748
0.121323 -1.113177 9.524432 0.046006 0.003525 -0.009280
0.057137 -1.055862 9.605027 0.069419 0.002461 -0.001830
0.219427 -0.996257 9.648270 0.087511 0.003525 0.000298
0.212233 -1.036828 9.629237 0.102410 0.004590 -0.008216
0.042718 -0.905509 9.588379 0.126887 0.003525 -0.005023
0.062293 -0.807641 9.771377 0.124759 0.005654 0.001362
0.138600 -0.762327 9.771605 0.122630 0.003525 -0.000766
0.126438 -0.674032 9.702690 0.113052 0.002461 -0.000766
0.169709 -0.724149 9.812088 0.107731 0.005654 0.004555
0.188738 -0.853034 9.776488 0.120502 0.001397 0.002427
0.147942 -0.697905 9.712253 0.120502 0.007782 -0.001830
0.038445 -0.588067 9.802226 0.100282 0.003525 0.003491
0.095427 -0.576171 9.714494 0.094961 0.002461 -0.003959
0.071625 -0.631050 9.723919 0.088575 0.000333 0.002427
0.033446 -0.779003 9.697653 0.096025 -0.001796 0.001362
0.157470 -0.700296 9.707528 0.121566 0.003525 0.003491
0.057267 -0.564223 9.716762 0.126887 0.004590 -0.008216
0.083414 -0.425818 9.704981 0.114116 0.004590 0.006684
0.207839 -0.502215 9.831240 0.100282 0.003525 0.001362
0.133459 -0.509370 9.678981 0.091768 0.004590 -0.007151
0.064374 -0.511724 9.707287 0.096025 0.002461 -0.006087
0.028674 -0.600009 9.721424 0.110924 0.003525 0.003491
0.169339 -0.487899 9.717099 0.120502 0.001397 -0.006087
0.057201 -0.361369 9.721544 0.116245 0.001397 -0.008216
0.083548 -0.308869 9.766767 0.101346 0.004590 -0.000766
0.186070 -0.385282 9.743296 0.090704 0.001397 0.000298
0.123862 -0.471184 9.664705 0.099217 0.006718 -0.005023
0.011942 -0.370894 9.740417 0.108795 0.001397 -0.008216
0.159848 -0.246850 9.766998 0.101346 0.005654 0.003491
0.109696 -0.435372 9.719309 0.101346 0.003525 -0.000766
0.090732 -0.311257 9.776289 0.105603 0.005654 -0.006087
0.145638 -0.292184 9.795457 0.113052 0.001397 0.002427
0.095373 -0.230123 9.743056 0.121566 0.003525 -0.001830
0.097991 -0.344666 9.807189 0.138594 0.003525 -0.002894
0.071290 -0.256378 9.659835 0.153493 0.003525 -0.010344
0.126184 -0.311289 9.664737 0.176905 0.005654 -0.009280
0.061852 -0.148973 9.709713 0.192869 0.000333 -0.003959
0.126193 -0.072632 9.700410 0.193933 0.000333 -0.001830
0.100221 -0.005783 9.800121 0.190740 0.000333 -0.006087
-0.752979 -0.814453 9.921049 0.060906 -0.011374 0.085436
-0.206492 -0.017672 9.312222 0.019401 0.009911 0.087564
0.059290 0.087288 9.681235 0.002373 -0.001796 -0.066748
0.064667 -0.375674 9.826093 -0.001883 0.002461 0.038610
0.040563 -0.280216 9.752392 -0.000819 0.000333 -0.006087
0.090787 0.127874 9.854755 -0.005076 0.002461 -0.018858
0.199967 0.206558 9.681663 -0.002948 0.003525 0.035417
0.217046 -0.184824 9.760047 -0.004012 0.001397 -0.017793
-0.026360 -0.053474 9.735604 -0.002948 0.000333 0.000298
-0.016812 -0.017679 9.742764 0.001309 0.001397 0.015197
0.178731 -0.027304 9.729077 -0.002948 0.004590 -0.013537
0.185780 0.049057 9.702977 -0.005076 0.003525 -0.006087
0.104840 -0.008180 9.747870 -0.002948 0.001397 -0.006087
0.188342 -0.063103 9.748104 -0.001883 0.001397 0.000298
0.114449 -0.041592 9.766899 -0.001883 0.001397 0.018390
-0.078798 -0.070157 9.744952 -0.002948 0.002461 0.001362
0.152489 -0.065479 9.721869 0.000245 0.002461 -0.014601
0.117124 -0.072603 9.861927 0.023658 -0.010310 0.002427
0.060344 0.189967 10.056606 0.016208 -0.010310 0.044995
0.038188 -0.306467 9.752380 0.007695 0.001397 -0.003959
0.209709 -0.232563 9.691125 0.005566 -0.000732 -0.014601
0.088056 -0.012951 9.716938 0.020465 -0.008181 -0.029500
0.121480 0.027609 9.733671 0.016208 -0.009245 -0.025243
0.164848 -0.003410 9.878706 0.022594 -0.003924 0.005619
0.195587 -0.203908 9.759982 0.089639 -0.004988 0.033289
-0.006706 -0.432914 9.880515 0.134337 0.004590 0.000298
0.141234 -0.621507 9.876163 0.219474 0.003525 -0.007151
0.203213 -0.480727 9.883493 0.325896 0.002461 -0.018858
-0.064384 -0.296880 9.749710 0.392942 0.003525 -0.031628
0.133580 0.025227 9.793097 0.457859 0.008846 0.018390
0.247879 0.218483 9.755449 0.506814 0.005654 0.037546
0.154533 0.464318 9.676821 0.495107 0.009911 -0.005023
0.142673 0.490579 9.702923 0.496171 0.008846 0.003491
0.185528 0.702961 9.705456 0.499364 0.007782 0.014133
0.187531 0.967848 9.610477 0.458924 0.005654 -0.030564
0.032363 1.113483 9.583918 0.437639 0.008846 0.016262
0.024879 1.330645 9.500785 0.382300 0.010975 0.016262
0.189956 1.113430 9.643767 0.336538 0.006718 0.008812
0.144529 1.196972 9.617517 0.319511 0.006718 0.017326
0.039420 1.380770 9.586357 0.279070 0.001397 -0.023115
0.036895 1.471452 9.550729 0.249272 0.003525 0.000298
0.034652 1.373612 9.586343 0.206704 0.001397 -0.014601
0.180228 1.464248 9.627166 0.187548 0.001397 -0.013537
0.161137 1.399818 9.615222 0.172649 0.002461 0.005619
0.096893 1.254272 9.648271 0.177970 0.002461 0.012005
0.129781 1.495274 9.508241 0.168392 0.004590 -0.012472
0.098838 1.631324 9.548559 0.142850 0.003525 -0.010344
0.129755 1.719609 9.529657 0.089639 0.001397 -0.015665
0.086515 1.917694 9.451167 0.015144 0.003525 -0.007151
0.170245 1.986885 9.546447 -0.060416 0.003525 0.006684
0.146400 1.655163 9.503564 -0.125333 0.001397 -0.001830
0.122666 1.569262 9.531989 -0.171094 -0.001796 -0.007151
0.093831 1.581195 9.460638 -0.204085 0.000333 -0.010344
-0.026849 1.304454 9.752447 -0.205149 0.001397 0.023711
0.185658 0.743540 9.755352 -0.162581 -0.002860 0.014133
0.083196 0.719720 9.785933 -0.079571 0.001397 -0.002894
0.216499 1.108663 9.748372 -0.031682 0.001397 -0.022050
0.197151 1.239917 9.674692 -0.006140 0.001397 0.000298
-0.053400 1.433322 9.662117 -0.032746 0.001397 -0.015665
0.144449 1.275724 9.600900 -0.048709 0.004590 0.006684
0.297213 1.247031 9.636974 -0.057223 0.000333 -0.009280
0.108868 1.356892 9.679206 -0.074250 0.001397 -0.005023
0.106280 1.485756 9.626954 -0.109370 0.002461 -0.017793
0.077231 1.480971 9.479579 -0.161516 0.000333 -0.018858
0.122818 1.516766 9.577119 -0.210470 -0.001796 -0.020986
0.122714 1.464256 9.534348 -0.274324 -0.003924 -0.014601
0.010791 1.328276 9.576764 -0.322214 -0.000732 0.003491
0.118330 1.084816 9.615047 -0.364782 -0.003924 0.008812
0.130508 0.867647 9.672064 -0.369039 -0.003924 0.001362
0.054564 0.693479 9.778719 -0.359461 -0.001796 0.002427
0.109296 0.609921 9.724225 -0.323278 -0.002860 0.005619
0.095096 0.504924 9.747924 -0.283902 -0.000732 0.031161
0.257303 0.426104 9.743631 -0.261553 0.000333 0.017326
0.162041 0.361712 9.783730 -0.227498 0.000333 0.005619
0.154716 0.368866 9.726695 -0.207278 -0.001796 -0.016729
0.147636 0.387965 9.755185 -0.187058 0.001397 -0.026307
0.231200 0.473853 9.795827 -0.161516 -0.003924 -0.009280
0.004470 0.481095 9.747657 -0.151938 -0.004988 0.004555
0.147630 0.352166 9.748052 -0.140232 0.001397 0.006684
0.142757 0.261473 9.700511 -0.129590 -0.001796 -0.011408
0.168896 0.333054 9.676842 -0.121076 -0.001796 -0.023115
0.061894 0.497788 9.811969 -0.105113 0.000333 0.008812
0.085680 0.294917 9.762116 -0.096599 -0.000732 0.019454
0.166648 0.213735 9.707700 -0.096599 0.003525 -0.000766
0.157110 0.328294 9.724319 -0.101920 0.001397 -0.009280
0.090473 0.361740 9.778771 -0.096599 0.002461 -0.002894
0.116760 0.268656 9.783584 -0.099792 -0.000732 0.007748
0.157037 0.251919 9.688673 -0.115755 0.000333 -0.002894
0.033239 0.197090 9.759574 -0.110434 0.004590 -0.002894
0.154941 0.185112 9.778931 -0.091278 0.000333 0.019454
0.207225 0.156443 9.710184 -0.096599 0.001397 -0.007151
0.092703 0.211377 9.705109 -0.111498 0.000333 -0.027371
0.023781 0.232897 9.792811 -0.110434 0.001397 0.000298
0.104634 0.144549 9.698006 -0.100856 -0.001796 0.027968
0.245205 0.056182 9.634257 -0.105113 0.000333 0.006684
0.183304 0.034734 9.669710 -0.106177 0.001397 -0.002894
0.066484 0.149338 9.702647 -0.104049 0.002461 0.000298
0.123906 0.082501 9.755068 -0.098727 -0.002860 0.008812
0.126110 -0.020132 9.679037 -0.093406 0.003525 0.007748
0.159837 -0.149001 9.776516 -0.089149 -0.000732 -0.012472
0.351876 -0.206288 10.190426 -0.018911 0.017360 -0.027371
0.109117 -0.160949 9.557807 -0.007205 -0.012438 0.036482
0.360091 -0.337625 9.717677 -0.002948 0.008846 -0.034821
0.271593 0.006062 9.679464 -0.004012 -0.001796 -0.029500
0.049778 0.139798 9.697845 -0.006140 0.003525 -0.018858
0.028562 0.013332 9.766658 -0.002948 -0.001796 0.009876
0.119117 0.041930 9.743169 -0.002948 0.005654 0.023711
0.157233 -0.086962 9.710000 -0.005076 0.006718 0.002427
0.056896 -0.063065 9.657449 -0.008269 0.001397 0.001362
0.128691 0.027609 9.752697 -0.002948 0.003525 -0.001830
0.178469 0.075303 9.653072 -0.002948 0.002461 0.014133
0.112083 -0.020111 9.776398 -0.007205 0.001397 0.012005
