0.235688 0.084826 9.646113 -0.016783 0.002461 0.000298
0.040013 0.041940 9.607528 -0.012526 0.003525 -0.001830
0.171429 0.063380 9.691060 -0.009333 -0.000732 -0.000766
0.130829 -0.012977 9.662422 -0.013590 0.001397 0.002427
0.173939 0.027587 9.729073 -0.011461 0.000333 0.002427
0.133129 -0.041621 9.629166 -0.013590 0.001397 -0.000766
0.064027 0.032393 9.662235 -0.009333 -0.000732 0.001362
0.119153 0.039546 9.755048 -0.011461 0.000333 0.002427
0.123757 0.003736 9.693288 -0.008269 0.003525 -0.001830
0.106965 0.001351 9.659980 -0.011461 0.000333 -0.001830
0.114257 0.058633 9.714649 -0.009333 0.001397 -0.001830
0.145252 0.053847 9.709988 -0.011461 -0.000732 0.002427
0.240436 -0.015413 9.624730 -0.012526 0.001397 0.002427
0.221286 -0.017796 9.600917 -0.012526 0.002461 0.002427
0.206987 -0.046428 9.600871 -0.011461 0.001397 0.004555
0.118805 0.025207 9.633885 -0.009333 0.003525 0.010940
0.161336 -0.010630 9.491465 -0.010397 0.001397 0.008812
0.085073 0.080093 9.524517 -0.009333 0.000333 0.002427
0.018422 0.094446 9.571838 -0.010397 0.000333 -0.002894
0.078119 0.061014 9.591012 -0.013590 0.001397 -0.000766
0.164128 -0.041634 9.626880 -0.013590 -0.000732 0.002427
0.157016 0.008489 9.648248 -0.012526 0.001397 0.003491
0.176197 -0.017765 9.679183 -0.012526 0.002461 -0.002894
0.135727 0.013280 9.709953 -0.012526 0.001397 -0.005023
0.068884 0.022850 9.690756 -0.011461 0.001397 0.000298
0.135741 0.084878 9.724218 -0.012526 0.002461 0.004555
0.140402 0.010887 9.676707 -0.009333 0.005654 0.000298
0.259706 0.032321 9.696063 -0.013590 0.000333 0.000298
0.152271 -0.003441 9.655359 -0.009333 0.000333 -0.000766
0.135741 0.013281 9.714705 -0.010397 0.002461 0.001362
0.145254 0.065780 9.712366 -0.013590 -0.000732 0.002427
0.092560 0.010898 9.629056 -0.012526 0.001397 -0.001830
0.133310 -0.010586 9.695689 -0.011461 -0.001796 -0.002894
0.130924 0.044306 9.702818 -0.012526 0.002461 -0.002894
0.152174 0.029966 9.626857 -0.011461 -0.002860 0.001362
0.123720 0.063398 9.688546 -0.010397 0.000333 -0.001830
0.099572 0.058619 9.586323 -0.012526 0.004590 0.000298
0.106898 0.082491 9.648113 -0.011461 0.000333 0.000298
0.130959 -0.060701 9.700425 -0.012526 0.000333 -0.001830
0.197695 -0.044024 9.686367 -0.011461 0.001397 -0.002894
0.137928 0.041908 9.650574 -0.012526 0.000333 -0.006087
0.116699 0.053862 9.733662 -0.011461 0.001397 -0.003959
0.107115 0.058637 9.719379 -0.010397 -0.000732 0.002427
0.123785 0.020444 9.705169 -0.012526 0.001397 -0.000766
0.147631 0.034753 9.705240 -0.012526 0.001397 -0.003959
0.123620 0.070553 9.655288 -0.009333 0.003525 -0.001830
0.159287 0.051440 9.615003 -0.010397 0.000333 0.005619
0.128421 0.096805 9.669560 -0.011461 0.001397 0.004555
0.138119 0.101582 9.724228 -0.010397 0.002461 0.001362
0.193002 0.003713 9.719621 -0.012526 0.001397 -0.000766
0.219352 0.015642 9.760086 -0.009333 0.002461 0.000298
0.157140 -0.008210 9.688632 -0.012526 0.001397 -0.000766
0.087817 0.013288 9.638545 -0.012526 0.003525 -0.000766
0.128595 0.041923 9.721816 -0.011461 0.004590 -0.002894
0.135305 0.049056 9.569795 -0.010397 0.001397 -0.000766
0.076168 0.049106 9.738294 -0.011461 0.004590 0.002427
0.152428 0.053845 9.717136 -0.013590 0.000333 0.000298
0.126210 0.041924 9.721809 -0.013590 0.008846 -0.001830
0.109348 -0.010583 9.657609 -0.009333 0.004590 -0.000766
0.099658 -0.017747 9.605315 -0.014654 0.001397 0.001362
0.047214 0.030007 9.621800 -0.012526 -0.000732 -0.000766
0.197501 0.058587 9.634119 -0.012526 0.004590 -0.001830
0.145258 0.003730 9.705229 -0.012526 0.001397 -0.000766
0.135705 0.018052 9.702827 -0.011461 0.003525 -0.001830
0.200139 0.032348 9.717271 -0.011461 0.002461 -0.001830
0.166692 0.032358 9.698169 -0.010397 0.001397 -0.005023
0.090320 0.013293 9.678939 -0.011461 0.002461 -0.005023
0.144840 0.008480 9.562689 -0.011461 -0.002860 -0.001830
0.187970 0.001314 9.629332 -0.011461 -0.003924 -0.000766
0.123674 -0.048773 9.657644 -0.011461 -0.001796 0.000298
0.128340 -0.012982 9.626781 -0.011461 0.000333 -0.003959
0.159498 0.008493 9.681514 -0.009333 0.002461 -0.000766
0.123590 0.041912 9.641029 -0.012526 0.000333 0.000298
0.135469 0.089636 9.631570 -0.011461 0.000333 -0.000766
0.159416 0.022808 9.655384 -0.011461 -0.000732 0.002427
0.161849 0.006104 9.669643 -0.011461 -0.000732 0.001362
0.142712 0.008495 9.650582 -0.010397 0.000333 -0.001830
0.159544 0.013269 9.698145 -0.008269 0.000333 0.001362
0.161843 0.003717 9.667266 -0.010397 0.001397 0.000298
0.128397 0.018047 9.650542 -0.011461 0.001397 -0.003959
0.181071 0.018037 9.719588 -0.009333 0.001397 0.001362
0.114066 0.051463 9.648129 -0.012526 0.003525 0.002427
0.174046 0.003727 9.762327 -0.009333 0.000333 0.004555
0.164458 0.034754 9.750427 -0.011461 0.000333 0.001362
0.169238 -0.022525 9.745680 -0.007205 0.000333 -0.000766
0.219071 0.060971 9.669818 -0.013590 -0.001796 -0.000766
0.157229 -0.022525 9.717138 -0.010397 0.000333 -0.001830
0.092877 -0.020110 9.733581 -0.009333 0.001397 -0.001830
0.135531 0.053841 9.648192 -0.011461 0.000333 -0.006087
0.161521 0.099162 9.569879 -0.011461 -0.001796 -0.006087
0.176258 0.020423 9.705321 -0.011461 0.003525 -0.001830
0.078489 0.034782 9.714541 -0.012526 0.003525 -0.000766
0.092840 0.039552 9.728839 -0.012526 0.000333 -0.000766
0.071187 0.072962 9.669391 -0.010397 0.000333 0.002427
0.190199 0.044263 9.581832 -0.011461 0.001397 0.006684
0.169103 -0.015373 9.700543 -0.008269 0.004590 0.009876
0.169005 0.056219 9.676798 -0.011461 0.004590 0.005619
0.181001 -0.015379 9.691075 -0.010397 -0.000732 -0.000766
0.123624 -0.010590 9.645773 -0.008269 0.000333 -0.003959
0.159658 0.022821 9.738532 -0.010397 0.004590 -0.001830
0.130588 0.001329 9.581653 -0.010397 -0.000732 -0.001830
0.135529 0.041908 9.645816 -0.012526 -0.001796 -0.000766
0.114018 0.084872 9.636258 -0.014654 0.003525 0.000298
0.233363 0.003687 9.655596 -0.010397 0.001397 0.006684
0.233427 -0.017789 9.674599 -0.010397 0.001397 0.005619
0.171411 0.039513 9.681553 -0.010397 0.000333 -0.002894
0.154947 -0.022518 9.752765 -0.012526 0.005654 -0.002894
0.126039 0.072940 9.667173 -0.015718 0.003525 -0.001830
0.137928 0.041908 9.650574 -0.011461 -0.001796 0.003491
0.138125 0.087263 9.724226 -0.012526 0.000333 0.007748
0.138050 0.049074 9.693336 -0.008269 0.001397 0.004555
0.154663 0.013265 9.660120 -0.013590 0.001397 0.003491
0.195438 -0.020151 9.733878 -0.010397 0.000333 -0.000766
0.159499 -0.012986 9.679135 -0.013590 0.000333 -0.005023
0.123635 0.049074 9.657660 -0.010397 0.001397 -0.007151
0.133211 0.013274 9.664809 -0.011461 0.001397 -0.005023
0.114119 0.003735 9.660001 -0.009333 0.001397 -0.001830
0.176102 0.046667 9.655437 -0.010397 0.000333 -0.002894
0.166776 0.029976 9.726676 -0.011461 0.001397 0.003491
0.214406 0.003701 9.698302 -0.008269 0.000333 0.000298
0.128525 -0.024905 9.688546 -0.012526 0.001397 0.001362
0.114023 0.003730 9.626741 -0.011461 -0.000732 -0.002894
0.052174 -0.029649 9.678822 -0.009333 0.002461 0.000298
0.083213 -0.022500 9.690790 -0.009333 -0.000732 0.004555
0.135717 0.022826 9.707580 -0.006140 -0.003924 0.003491
0.228729 -0.027329 9.698339 -0.007205 -0.003924 0.001362
0.230988 -0.005858 9.657963 -0.005076 -0.001796 -0.003959
0.207165 -0.146654 9.648369 -0.009333 0.004590 -0.016729
0.087946 0.070572 9.690819 -0.007205 -0.001796 -0.018858
-0.014399 0.068238 9.764167 -0.009333 -0.001796 -0.016729
-0.002792 0.034804 9.650164 -0.008269 -0.002860 -0.001830
0.070974 0.034766 9.590987 -0.010397 -0.000732 0.005619
0.164155 -0.020154 9.638762 -0.002948 -0.001796 0.020518
0.212049 -0.153810 9.686392 0.001309 -0.000732 0.064151
-0.008663 -0.428116 10.027800 0.061970 0.005654 0.133326
0.177818 -0.821949 10.125681 0.172649 0.002461 0.176959
0.031636 -1.024787 9.861527 0.280135 -0.002860 0.191858
0.080438 -1.387504 10.189450 0.376979 -0.002860 0.159931
0.182982 -1.607109 10.154078 0.492979 -0.003924 0.089693
0.390266 -1.688346 10.066769 0.623878 -0.003924 -0.002894
0.483459 -1.688374 10.126431 0.743070 -0.008181 -0.080582
0.442255 -1.428258 9.936301 0.848428 -0.009245 -0.126344
0.228040 -1.160854 10.125772 0.976134 -0.002860 -0.121023
-0.198948 -0.864753 10.148336 1.143217 -0.012438 -0.105059
-0.220953 -0.659530 9.991512 1.299657 -0.006053 -0.081647
0.112490 -0.662074 9.828561 1.433749 -0.008181 -0.051849
0.040295 -0.425811 9.640714 1.523143 -0.000732 -0.029500
0.171290 -0.196763 9.607871 1.614666 -0.007117 -0.038014
0.211446 0.230394 9.532034 1.698739 -0.010310 -0.072069
0.330512 0.521497 9.506295 1.760464 -0.003924 -0.103995
0.403817 0.793502 9.326002 1.804097 0.001397 -0.127408
0.093570 1.559702 9.367984 1.832831 -0.008181 -0.132729
0.140731 2.156294 9.263688 1.830703 -0.003924 -0.109316
0.177866 2.791049 8.997824 1.791327 -0.000732 -0.068876
0.065283 3.063135 8.869254 1.743437 0.003525 -0.022050
0.131941 3.258800 8.852850 1.684905 0.003525 0.019454
0.046150 3.421125 8.900140 1.618923 0.002461 0.027968
0.028771 3.413935 8.664899 1.513565 0.001397 0.000298
0.019068 3.893629 8.674450 1.413529 -0.000732 -0.023115
0.246906 4.471024 8.363994 1.318813 -0.004988 -0.012472
0.139447 4.652439 8.344705 1.155987 -0.008181 -0.006087
0.377426 4.325356 8.117283 0.960171 0.003525 -0.030564
0.529394 4.463809 8.721160 0.825015 -0.014566 -0.019922
0.718331 5.203597 8.997400 0.694116 -0.002860 0.014133
0.662167 4.458940 8.448346 0.573859 0.012039 0.046060
0.608108 3.735877 8.623872 0.474887 0.005654 0.085436
-0.653475 5.559720 8.922204 0.361015 -0.006053 0.109913
0.474720 5.012751 8.858876 0.218410 -0.001796 0.124812
0.034777 4.323149 8.394238 0.171584 -0.051814 0.101399
-0.702788 4.932116 9.102509 0.106667 -0.012438 0.117362
0.370670 4.096401 9.041352 0.105603 -0.004988 0.109913
-0.118289 4.144326 9.044691 0.114116 0.006718 0.077986
0.371123 3.898341 9.169607 0.146043 -0.004988 0.027968
-0.125890 4.027363 8.875980 0.119438 0.005654 -0.023115
0.317508 3.755106 8.758443 0.091768 -0.001796 -0.039078
0.214898 3.912657 8.762920 0.076869 -0.002860 -0.016729
0.262833 4.096416 8.867618 0.044942 -0.000732 -0.000766
0.095725 4.172844 8.826757 0.003438 -0.001796 0.004555
0.055346 4.046381 8.867007 -0.033810 0.002461 0.002427
0.141155 4.029639 8.845872 -0.063608 0.002461 0.015197
0.217752 3.919841 8.924474 -0.088085 0.001397 0.022647
0.322485 3.776594 8.832105 -0.102984 0.002461 0.018390
0.213112 3.643009 8.931542 -0.114691 0.004590 0.013069
0.289262 3.664448 8.874752 -0.115755 0.004590 0.009876
0.163032 3.657349 8.936151 -0.111498 -0.000732 0.006684
0.132220 3.549976 8.988308 -0.100856 0.001397 0.005619
0.082296 3.521366 9.040423 -0.089149 0.002461 0.003491
0.099180 3.466479 9.097479 -0.077443 0.003525 -0.003959
0.132461 3.344745 9.042916 -0.052966 0.001397 -0.000766
0.175234 3.397223 8.995537 -0.039131 0.004590 -0.006087
0.187307 3.461664 9.054973 -0.026360 0.000333 -0.002894
0.184978 3.495080 9.078728 -0.014654 0.002461 -0.010344
0.175191 3.628718 9.012202 -0.011461 0.002461 -0.010344
0.191757 3.659729 8.971870 -0.012526 0.001397 -0.005023
0.155796 3.702692 8.914757 -0.016783 0.002461 -0.001830
0.141672 3.652589 8.971724 -0.022104 0.003525 -0.001830
0.148622 3.592912 8.893337 -0.023168 -0.000732 -0.001830
0.158527 3.530877 9.009764 -0.018911 0.002461 0.002427
0.203867 3.542793 9.019400 -0.014654 0.003525 -0.000766
0.158224 3.526088 8.905233 -0.011461 0.001397 -0.003959
0.079852 3.583415 9.028548 -0.007205 0.001397 -0.007151
0.096526 3.569087 9.019092 -0.012526 0.000333 -0.006087
0.189617 3.652584 9.055009 -0.014654 -0.000732 -0.005023
0.201341 3.619156 8.981394 -0.015718 0.001397 -0.000766
0.217949 3.650170 8.955315 -0.017847 0.001397 0.003491
0.215709 3.666885 9.007575 -0.025296 -0.001796 0.006684
0.194121 3.695526 8.969506 -0.033810 0.003525 0.008812
0.151151 3.650196 8.950369 -0.039131 0.005654 0.005619
0.148672 3.695537 8.924237 -0.040195 0.002461 0.005619
0.156038 3.669293 8.993149 -0.044452 -0.000732 0.000298
0.122657 3.695559 9.000182 -0.049773 0.000333 0.000298
0.146529 3.643046 9.000243 -0.052966 0.003525 0.006684
0.137033 3.547590 9.002576 -0.045516 0.002461 0.005619
0.141745 3.466442 8.971694 -0.046581 0.003525 0.002427
0.211028 3.478353 9.012282 -0.037003 0.005654 -0.002894
0.144426 3.559533 9.085747 -0.033810 0.001397 -0.001830
0.203758 3.573812 8.986145 -0.029553 -0.000732 -0.000766
0.139327 3.619181 8.981214 -0.034874 0.001397 -0.000766
0.148882 3.566674 8.978857 -0.035938 0.002461 -0.003959
0.206193 3.588133 9.005159 -0.039131 0.003525 -0.003959
0.184515 3.561878 8.929071 -0.042324 0.000333 -0.002894
0.177610 3.631105 9.024089 -0.048709 0.000333 0.002427
0.117921 3.643058 9.004911 -0.054030 0.003525 0.005619
0.127262 3.674069 8.940801 -0.061480 0.000333 0.007748
0.198726 3.588120 8.898233 -0.062544 0.003525 0.005619
0.251442 3.552314 8.976778 -0.066801 -0.000732 0.004555
0.141757 3.559518 8.988338 -0.068929 0.003525 0.003491
0.108350 3.528506 8.978733 -0.067865 0.000333 0.002427
0.084757 3.468865 9.059427 -0.062544 0.001397 0.002427
0.127611 3.476003 9.033421 -0.061480 0.002461 -0.000766
0.184896 3.459277 9.045463 -0.059351 0.002461 -0.003959
0.182199 3.545177 8.950442 -0.063608 0.000333 -0.005023
0.203991 3.580985 9.066918 -0.062544 0.002461 -0.001830
0.205870 3.616755 8.898258 -0.069993 0.000333 -0.000766
0.165758 3.635887 9.050186 -0.076379 0.001397 0.002427
0.182479 3.643041 9.059738 -0.089149 0.001397 0.000298
0.186874 3.542783 8.917197 -0.098727 -0.001796 0.005619
0.141800 3.554748 9.002591 -0.107241 0.002461 0.007748
0.153819 3.511790 9.028751 -0.110434 -0.001796 0.006684
0.134907 3.504647 9.085711 -0.113626 0.001397 0.002427
0.099006 3.433058 9.033331 -0.115755 0.001397 -0.001830
0.206318 3.378123 9.019381 -0.113626 0.002461 0.000298
0.177520 3.506999 8.976556 -0.112562 0.001397 -0.000766
0.127600 3.504641 9.033425 -0.117883 0.001397 0.002427
0.156278 3.518953 9.054892 -0.118948 0.000333 -0.003959
0.156332 3.487930 9.069141 -0.126397 0.004590 -0.000766
0.161112 3.411559 9.062016 -0.125333 0.002461 -0.002894
0.103691 3.421118 9.002460 -0.127461 0.003525 -0.000766
0.144631 3.375779 9.130857 -0.128526 0.004590 0.000298
0.113330 3.382935 9.030989 -0.130654 -0.000732 -0.000766
0.149175 3.437815 9.061985 -0.135975 0.001397 -0.002894
0.216048 3.406768 9.088306 -0.137039 0.002461 0.001362
0.182589 3.418710 9.066831 -0.142360 0.003525 0.002427
0.108533 3.397254 9.023850 -0.145553 0.001397 0.003491
0.072952 3.340002 9.083129 -0.150874 0.005654 -0.001830
0.103847 3.325664 9.042830 -0.157259 0.004590 -0.002894
0.184971 3.356659 9.057325 -0.158324 0.001397 0.001362
0.139707 3.342360 9.073821 -0.163645 0.001397 -0.000766
0.113495 3.280321 9.073735 -0.164709 0.002461 -0.005023
0.163693 3.282694 9.111892 -0.164709 0.002461 -0.000766
0.156382 3.292235 9.059607 -0.176415 0.002461 0.004555
0.085065 3.251704 9.135415 -0.176415 0.001397 0.003491
0.118212 3.239745 9.049985 -0.182801 0.005654 -0.006087
0.185213 3.323260 9.135717 -0.189186 0.002461 -0.009280
0.168381 3.316100 9.088154 -0.204085 0.003525 -0.007151
0.178310 3.313730 9.221218 -0.217920 0.002461 -0.000766
0.187388 3.363819 9.069211 -0.237076 0.001397 0.001362
0.177880 3.385304 9.083441 -0.255168 0.002461 0.002427
0.161215 3.308942 9.083381 -0.277516 0.006718 0.007748
0.144415 3.325649 9.050075 -0.297736 0.004590 0.009876
0.163753 3.237353 9.126139 -0.320085 0.001397 0.009876
0.151959 3.184860 9.164106 -0.336048 0.000333 0.007748
0.142359 3.211113 9.147452 -0.354140 0.002461 -0.000766
0.089963 3.139541 9.163919 -0.373296 0.004590 -0.001830
0.080308 3.096581 9.118747 -0.389259 0.002461 -0.003959
0.132886 3.127590 9.159290 -0.412672 0.000333 -0.009280
0.223308 3.089358 9.081150 -0.433957 0.004590 -0.011408
0.171047 3.132349 9.159402 -0.457369 0.006718 -0.006087
0.156794 3.125198 9.178365 -0.477590 0.003525 -0.001830
0.140327 3.001116 9.240064 -0.506323 0.006718 0.002427
0.187799 2.972445 9.157049 -0.535057 0.004590 0.002427
0.152128 2.931894 9.187823 -0.559534 0.004590 0.000298
0.156990 2.841208 9.206828 -0.581883 0.008846 0.001362
0.214366 2.681292 9.230726 -0.605296 0.005654 0.000298
0.252887 2.578674 9.340101 -0.620195 0.003525 -0.005023
0.157553 2.452228 9.346931 -0.629773 0.003525 -0.005023
0.200450 2.349587 9.320907 -0.634030 0.004590 -0.003959
0.102911 2.359186 9.408524 -0.639351 0.004590 -0.001830
0.159958 2.330513 9.337416 -0.647865 0.005654 -0.001830
0.155517 2.251777 9.439543 -0.656378 0.003525 0.006684
0.253194 2.189681 9.392304 -0.663828 0.004590 0.001362
0.176845 2.041743 9.363551 -0.671278 0.002461 -0.002894
0.198774 1.905726 9.503756 -0.669149 0.004590 -0.009280
0.158148 1.805502 9.463237 -0.667021 0.005654 -0.011408
0.143822 1.669473 9.439417 -0.657443 0.004590 -0.008216
0.084449 1.602686 9.517630 -0.646801 0.004590 -0.012472
0.084258 1.593130 9.451109 -0.639351 0.007782 -0.007151
0.168210 1.557324 9.608141 -0.627645 0.004590 -0.002894
0.184654 1.476160 9.510774 -0.624452 0.004590 0.004555
0.282502 1.454646 9.527683 -0.618067 0.004590 -0.005023
0.194203 1.349669 9.496528 -0.606360 0.005654 -0.013537
0.149008 1.249458 9.524888 -0.596782 0.003525 -0.006087
0.096384 1.227992 9.470091 -0.586140 0.001397 0.004555
0.087278 1.180288 9.612597 -0.580819 0.004590 -0.000766
0.146853 1.175488 9.593763 -0.574434 0.005654 -0.005023
0.142001 1.068090 9.550970 -0.558470 0.002461 -0.006087
0.168234 1.006029 9.541534 -0.551021 0.006718 0.005619
0.099573 0.965513 9.709999 -0.540378 0.002461 0.007748
0.171116 0.819903 9.686427 -0.524415 0.004590 0.000298
0.149514 0.688643 9.622202 -0.507388 0.006718 -0.010344
0.114013 0.691059 9.717126 -0.487168 0.004590 -0.009280
0.130571 0.638541 9.662525 -0.468012 0.004590 -0.002894
0.168799 0.612277 9.681637 -0.448856 0.003525 -0.007151
0.096986 0.688661 9.603045 -0.432892 0.002461 -0.009280
0.092410 0.617077 9.660035 -0.422250 0.001397 0.002427
0.109278 0.602760 9.717098 -0.413736 0.003525 0.009876
0.209574 0.597954 9.757773 -0.403094 0.002461 0.005619
0.240265 0.519168 9.639068 -0.398837 0.003525 -0.003959
0.226051 0.397464 9.655638 -0.390324 0.002461 0.001362
0.175681 0.480998 9.569981 -0.383938 0.003525 0.003491
0.214094 0.495316 9.657993 -0.380746 0.002461 0.000298
0.085157 0.445242 9.602972 -0.372232 0.003525 0.002427
0.116293 0.433304 9.645822 -0.377553 0.002461 0.007748
0.101792 0.440459 9.581638 -0.379681 0.003525 0.016262
0.001831 0.335501 9.640723 -0.375424 0.001397 0.010940
0.128559 0.220913 9.733723 -0.361590 0.001397 0.000298
0.235722 0.103920 9.660370 -0.343498 0.000333 -0.008216
0.245435 0.018009 9.707897 -0.327535 -0.000732 -0.008216
0.171414 0.065766 9.686309 -0.308379 0.002461 -0.007151
0.140331 0.101572 9.664844 -0.296672 0.001397 -0.005023
0.049705 0.096835 9.666955 -0.291351 0.002461 -0.006087
0.130863 0.180336 9.700463 -0.282837 0.002461 0.002427
0.126104 0.151700 9.700445 -0.275388 0.002461 0.008812
0.259600 0.089593 9.667563 -0.266874 0.005654 0.012005
0.173715 -0.122778 9.631647 -0.260489 0.003525 0.009876
0.226455 -0.132331 9.722073 -0.243461 0.004590 0.006684
0.133394 -0.239692 9.693277 -0.226434 0.001397 0.004555
-2.744220 1.727915 9.564075 -0.044452 -0.060328 0.007748
0.504065 -1.571618 9.028962 -0.011461 0.048223 0.000298
0.059760 -1.621466 9.609696 -0.007205 0.004590 0.004555
-0.503959 0.111357 9.560822 -0.012526 -0.019888 -0.028436
0.772902 0.060778 9.835344 0.004502 0.001397 -0.058234
0.025262 0.679134 9.543444 -0.004012 -0.001796 -0.027371
0.175801 0.371223 9.596096 -0.012526 -0.003924 0.023711
0.193082 0.029970 9.750509 -0.013590 0.005654 0.034353
0.111934 -0.027279 9.724132 -0.017847 0.003525 0.008812
0.175967 -0.065509 9.593652 -0.014654 0.002461 -0.012472
0.023675 -0.022471 9.721501 -0.013590 0.004590 -0.003959
0.087900 0.135007 9.683702 -0.016783 0.003525 0.015197
0.102147 0.139771 9.662363 -0.015718 0.002461 0.012005
0.133468 -0.005805 9.750331 -0.014654 0.002461 0.003491
0.156853 -0.089369 9.579337 -0.017847 0.003525 0.008812
0.221602 -0.046417 9.705442 -0.016783 0.002461 0.010940
0.195558 0.044293 9.783777 -0.012526 0.002461 0.009876
0.195188 0.053819 9.657868 -0.010397 0.004590 0.003491
0.099760 0.072948 9.652843 -0.015718 0.000333 0.001362
0.088024 -0.003407 9.707437 -0.016783 0.000333 0.007748
0.138026 0.039527 9.683833 -0.016783 0.002461 0.010940
0.140246 -0.034467 9.617310 -0.014654 0.002461 0.001362
0.176235 -0.008217 9.693439 -0.012526 0.001397 -0.001830
0.085476 0.058636 9.659926 -0.009333 0.002461 -0.001830
0.180772 0.089617 9.626949 -0.012526 -0.000732 0.005619
0.154833 0.125442 9.733784 -0.014654 0.003525 0.007748
0.209294 0.027550 9.584260 -0.022104 0.005654 0.005619
0.114267 -0.017736 9.707511 -0.017847 0.001397 0.004555
0.128246 0.013265 9.598277 -0.016783 0.003525 0.004555
0.147596 0.018046 9.690984 -0.013590 0.003525 0.008812
0.226292 -0.053583 9.676947 -0.011461 0.001397 0.006684
0.104454 0.022824 9.619590 -0.012526 0.005654 0.003491
0.119000 0.111134 9.712296 -0.017847 0.005654 0.009876
0.204752 0.046657 9.665022 -0.022104 0.004590 0.014133
0.202529 0.003708 9.714897 -0.022104 0.008846 0.015197
0.159527 -0.029690 9.686259 -0.019975 0.003525 0.013069
0.159306 -0.067887 9.605480 -0.012526 0.001397 0.008812
0.047431 -0.063057 9.683554 -0.011461 0.000333 0.003491
0.064155 0.094451 9.714510 -0.010397 0.001397 -0.000766
0.157069 0.049063 9.672010 -0.011461 0.001397 -0.001830
0.137981 0.101575 9.676715 -0.010397 0.001397 0.002427
0.235614 -0.008254 9.608088 -0.015718 0.001397 0.008812
0.011470 0.051502 9.635955 -0.017847 0.005654 0.007748
0.104511 -0.017744 9.633838 -0.014654 0.003525 0.004555
0.095022 -0.024897 9.650438 -0.013590 0.001397 0.001362
0.159687 0.020436 9.748034 -0.011461 0.002461 0.005619
0.152320 0.029974 9.676745 -0.013590 0.001397 0.010940
0.123548 0.077708 9.631533 -0.012526 0.000333 0.007748
0.164233 0.044288 9.674407 -0.015718 0.002461 0.013069
0.130698 0.003722 9.619663 -0.015718 0.000333 0.015197
0.121464 0.032381 9.728921 -0.017847 0.003525 0.014133
0.161650 0.037118 9.605504 -0.016783 0.007782 0.013069
0.092484 0.046692 9.607681 -0.015718 0.001397 0.003491
0.149908 0.010881 9.664857 -0.015718 0.005654 0.005619
0.111952 0.013294 9.736016 -0.011461 0.007782 0.001362
0.135575 0.013272 9.657689 -0.013590 -0.001796 0.002427
0.028249 0.018088 9.659754 -0.014654 -0.000732 -0.001830
0.113972 0.061004 9.617249 -0.014654 -0.000732 0.001362
0.197681 0.025185 9.691131 -0.012526 0.002461 0.000298
0.171217 -0.029708 9.605521 -0.013590 0.000333 0.002427
0.164085 0.051440 9.624519 -0.012526 0.004590 0.002427
0.173730 0.032349 9.657803 -0.013590 0.003525 0.003491
0.140456 -0.022522 9.690957 -0.014654 0.003525 0.003491
0.111738 -0.005810 9.659992 -0.013590 0.003525 0.003491
0.116466 -0.020134 9.643373 -0.011461 0.002461 0.002427
0.107027 0.053859 9.688497 -0.012526 0.002461 0.008812
0.159347 0.020418 9.631628 -0.014654 0.001397 0.005619
0.152141 -0.024927 9.607843 -0.014654 0.000333 0.006684
0.114011 0.015662 9.624368 -0.015718 0.002461 0.003491
0.106922 0.022828 9.648104 -0.011461 0.000333 0.004555
0.078386 0.103987 9.688421 -0.016783 0.002461 0.006684
0.095051 0.041928 9.669455 -0.016783 0.001397 0.004555
0.064106 0.041944 9.690745 -0.016783 0.003525 0.006684
0.049632 0.053873 9.636065 -0.012526 0.005654 0.012005
0.080833 -0.017725 9.693160 -0.012526 0.007782 0.007748
0.137852 0.041904 9.624441 -0.014654 0.004590 0.007748
0.152297 -0.086969 9.652970 -0.011461 0.000333 0.006684
0.197838 -0.039243 9.736258 -0.014654 -0.000732 -0.000766
0.192921 0.034734 9.695869 -0.009333 -0.000732 -0.000766
0.173752 -0.022541 9.657794 -0.010397 0.002461 -0.001830
0.033257 0.030032 9.742918 -0.011461 0.000333 -0.001830
0.097300 0.034760 9.621946 -0.012526 -0.000732 0.001362
0.080195 -0.662132 9.386598 -0.028489 0.000333 0.018390
0.364907 0.070478 9.789025 -0.012526 0.003525 0.034353
0.188090 -0.022545 9.667338 -0.015718 0.001397 0.015197
-0.150470 0.087378 9.725764 -0.013590 -0.002860 -0.000766
-0.112457 0.025304 9.666473 -0.012526 0.004590 -0.006087
0.050230 0.010948 9.835614 -0.013590 0.002461 -0.000766
0.211990 -0.039258 9.681659 -0.012526 0.003525 0.007748
0.233435 -0.072679 9.669839 -0.012526 0.000333 0.002427
0.140464 -0.058320 9.688576 -0.011461 0.002461 -0.006087
0.092766 0.015682 9.700327 -0.007205 0.002461 -0.001830
0.052013 0.099217 9.640831 -0.013590 0.000333 0.004555
0.152216 0.115885 9.653003 -0.012526 0.000333 0.002427
0.104584 0.025218 9.664728 -0.011461 0.002461 -0.002894
0.164297 -0.065491 9.681516 -0.011461 -0.000732 -0.008216
0.133137 0.041909 9.643433 -0.012526 0.002461 0.000298
0.102207 0.022833 9.667096 -0.012526 0.002461 0.001362
0.092484 0.027600 9.605302 -0.012526 0.004590 -0.000766
0.173876 -0.055946 9.695800 -0.009333 0.002461 -0.005023
0.131039 -0.001033 9.736070 -0.010397 0.002461 0.000298
0.095150 0.018068 9.700334 -0.011461 0.002461 0.002427
0.142711 0.010881 9.650582 -0.010397 0.001397 -0.000766
0.114219 0.049085 9.700395 -0.010397 0.000333 0.000298
0.133247 0.027595 9.679066 -0.015718 0.000333 -0.002894
0.092606 0.018060 9.645687 -0.013590 0.000333 -0.000766
0.126083 -0.003428 9.671912 -0.013590 0.004590 0.000298
0.133003 0.046675 9.598296 -0.013590 0.001397 0.000298
0.185692 0.115876 9.681607 -0.015718 0.003525 -0.002894
0.118756 0.149306 9.633905 -0.027425 0.006718 -0.005023
0.190600 0.273395 9.750541 -0.030617 0.012039 -0.013537
0.152285 0.292494 9.700543 -0.042324 0.014168 -0.026307
0.335870 0.540620 9.710618 -0.041260 0.015232 -0.068876
0.307381 0.626555 9.767565 -0.046581 0.018424 -0.116766
0.049537 0.676761 9.688428 -0.062544 0.019489 -0.131665
0.300635 1.194712 10.803415 -0.346691 0.016296 -0.083775
-0.109364 1.927432 10.168044 -0.574434 0.017360 -0.041206
-0.095662 2.275832 10.006596 -0.669149 0.016296 -0.015665
0.258547 2.199388 10.411472 -0.876672 0.018424 -0.010344
0.527692 1.748200 10.222131 -1.102286 0.016296 -0.013537
0.424964 1.103860 10.076815 -1.233185 0.005654 0.024775
0.151890 0.800810 9.634105 -1.330029 0.012039 0.063087
-0.029178 0.201866 9.621606 -1.397075 0.010975 0.073729
-0.103284 -0.339863 9.490644 -1.447093 0.007782 0.051381
-0.067328 -1.000946 9.462136 -1.465185 0.014168 0.013069
0.015669 -1.251594 9.262784 -1.473699 0.013103 -0.031628
0.220822 -1.485557 9.241961 -1.441772 0.014168 -0.044399
0.187739 -1.356653 9.365419 -1.425809 0.015232 -0.024179
0.046967 -1.461608 9.334110 -1.421552 0.007782 0.005619
-0.000968 -1.783788 9.210386 -1.398139 0.002461 0.013069
0.030072 -2.129850 9.174788 -1.353442 0.010975 0.002427
0.139745 -2.526066 9.106149 -1.299167 0.012039 -0.008216
-0.122373 -4.055866 8.164391 -1.124635 -0.044365 0.071601
1.847782 -16.145107 3.262491 0.628134 0.068443 0.423858
-0.493950 -0.133915 12.960357 0.652612 0.022681 0.095014
2.394901 -2.016170 9.592659 -0.117883 0.033323 -0.491371
-1.073299 0.595703 7.414040 0.044942 0.057801 -0.610564
-0.029955 -0.850520 10.030047 0.209896 0.034388 -0.332802
0.700481 -0.492663 11.098889 -0.037003 0.007782 0.057766
0.065873 -1.812320 10.044427 -0.192379 -0.013502 0.308922
-0.196573 -2.685832 9.079015 -0.054030 -0.019888 0.208885
-0.257232 -2.626070 9.551601 0.036428 0.003525 -0.006087
0.454869 -2.938920 9.966981 -0.047645 0.005654 -0.112509
0.409640 -2.125209 9.289921 -0.009333 0.004590 -0.013537
0.058945 -1.015323 9.412612 0.044942 0.001397 0.072665
-0.149702 -1.363610 9.792054 -0.014654 -0.000732 0.052445
0.124307 -2.292107 9.569391 -0.060416 -0.000732 0.013069
0.393052 -2.518980 9.273181 -0.032746 0.000333 0.003491
0.214357 -2.074998 9.398642 -0.005076 0.003525 0.006684
-0.074182 -1.831451 9.452481 -0.006140 0.005654 -0.002894
-0.169711 -1.905403 9.399929 -0.012526 0.002461 -0.000766
-0.009587 -1.977046 9.500159 -0.014654 0.000333 0.010940
0.209646 -2.067833 9.420011 -0.017847 -0.001796 0.014133
0.247862 -2.096484 9.434370 -0.007205 0.004590 -0.009280
0.138203 -1.946084 9.474461 -0.002948 0.001397 -0.013537
-0.016989 -1.931712 9.421748 -0.004012 0.001397 -0.006087
0.028476 -1.988999 9.464633 -0.005076 0.001397 0.013069
0.057130 -2.000942 9.474216 -0.005076 -0.003924 0.007748
0.147644 -1.991438 9.434095 -0.001883 0.002461 -0.005023
0.195540 -2.058270 9.491240 -0.000819 0.000333 -0.002894
0.216947 -1.910315 9.491324 -0.004012 0.001397 0.008812
0.181071 -1.869734 9.462720 -0.004012 0.003525 0.005619
0.185996 -1.893594 9.512618 -0.006140 0.000333 0.004555
0.116879 -2.041530 9.510019 -0.006140 0.001397 0.000298
0.059274 -1.950838 9.398211 -0.004012 0.006718 0.006684
0.033250 -1.876832 9.481295 -0.006140 0.002461 0.005619
0.081251 -1.946045 9.574072 -0.012526 0.003525 0.006684
0.119146 -1.953235 9.481531 -0.014654 0.000333 0.006684
0.164509 -1.962796 9.495916 -0.009333 0.001397 0.006684
0.195490 -2.003382 9.481746 -0.007205 0.002461 0.005619
0.121406 -1.953243 9.438777 -0.002948 -0.001796 0.001362
0.038016 -2.005709 9.462283 -0.004012 0.003525 0.001362
0.040378 -1.965140 9.459920 -0.004012 -0.000732 0.007748
0.130886 -1.938930 9.419802 -0.007205 -0.001796 0.004555
0.102342 -1.943688 9.445849 -0.006140 -0.001796 0.000298
0.121498 -1.941305 9.472038 -0.007205 -0.000732 0.000298
0.138257 -1.960400 9.491088 -0.008269 0.001397 0.001362
0.164303 -1.984287 9.422266 -0.010397 -0.003924 0.001362
0.085629 -1.900724 9.445807 -0.008269 0.001397 -0.009280
0.014140 -2.012861 9.452709 -0.008269 0.004590 -0.006087
0.150041 -1.967573 9.441233 -0.006140 0.002461 0.000298
0.085742 -1.905491 9.483818 -0.005076 -0.001796 -0.000766
0.164402 -1.955643 9.460281 -0.002948 0.002461 -0.001830
0.119061 -1.915054 9.457782 -0.007205 0.001397 -0.002894
0.126298 -1.926986 9.483932 -0.008269 0.001397 0.000298
0.109576 -1.895955 9.479137 -0.002948 0.003525 0.001362
0.169374 -1.941314 9.531568 -0.008269 -0.000732 0.000298
0.107112 -1.977102 9.441107 -0.008269 0.004590 0.001362
0.118864 -1.993822 9.379372 -0.006140 0.005654 -0.000766
0.078626 -1.989016 9.486159 -0.009333 0.002461 0.002427
0.088072 -1.960386 9.457685 -0.006140 -0.000732 -0.000766
0.131122 -2.010514 9.491059 -0.002948 0.001397 0.000298
0.092789 -1.912660 9.445827 -0.002948 0.005654 -0.000766
0.071642 -1.965138 9.547910 -0.000819 0.002461 -0.003959
0.064397 -1.862518 9.531275 -0.006140 0.001397 -0.001830
0.057325 -1.967519 9.545491 -0.004012 0.002461 -0.006087
0.095601 -1.993780 9.581234 -0.005076 0.001397 -0.002894
0.076289 -1.986626 9.502782 -0.004012 0.003525 -0.000766
0.095362 -1.967541 9.502840 -0.004012 0.003525 0.001362
0.200337 -1.917463 9.519783 -0.002948 0.001397 0.001362
0.173797 -1.938948 9.412799 0.000245 -0.000732 0.001362
0.136047 -1.946071 9.552851 0.002373 0.002461 0.002427
0.104799 -2.003349 9.462478 0.003438 0.001397 0.001362
0.140386 -1.960415 9.403196 0.003438 0.001397 0.004555
0.026081 -1.929335 9.469386 0.004502 0.000333 0.002427
0.014236 -1.922166 9.497861 0.002373 0.002461 0.006684
-0.052762 -1.924538 9.424022 0.001309 -0.000732 0.007748
0.045191 -2.000937 9.469430 0.008759 0.002461 0.002427
0.152423 -2.082129 9.424593 0.015144 -0.000732 0.003491
0.257517 -1.984313 9.489056 0.022594 0.001397 0.007748
0.183512 -1.977128 9.467462 0.026850 -0.001796 0.000298
0.123836 -1.960401 9.453036 0.031107 0.002461 -0.003959
0.073968 -1.974688 9.526534 0.036428 0.002461 0.000298
0.088089 -1.898334 9.471948 0.034300 0.004590 0.004555
0.049675 -1.907879 9.383935 0.042814 -0.000732 0.007748
0.121595 -2.027216 9.493404 0.051328 0.002461 0.006684
0.066625 -2.060612 9.450479 0.056649 0.000333 0.004555
0.088053 -2.139379 9.426771 0.074740 0.000333 0.001362
0.107056 -2.151324 9.398317 0.100282 0.002461 -0.000766
0.183458 -2.101232 9.431806 0.117309 -0.000732 -0.001830
0.140499 -2.139401 9.417421 0.135401 0.002461 0.004555
0.152231 -2.106004 9.355694 0.164135 0.000333 0.008812
0.114389 -2.110745 9.464863 0.184355 0.000333 0.005619
0.064023 -2.108354 9.369692 0.206704 -0.003924 0.002427
0.104806 -1.984256 9.467232 0.230116 0.000333 0.000298
0.064225 -1.953216 9.459991 0.245015 0.000333 -0.001830
0.078295 -1.833907 9.393533 0.259915 0.001397 -0.008216
0.130746 -1.762332 9.396072 0.273749 0.001397 -0.003959
0.133182 -1.662095 9.426978 0.274814 -0.000732 0.001362
0.116660 -1.716969 9.479186 0.281199 0.003525 0.007748
0.150012 -1.669254 9.472164 0.290777 0.003525 -0.001830
0.088173 -1.724111 9.524240 0.298226 0.001397 -0.000766
0.078278 -1.705034 9.405432 0.308869 0.001397 0.006684
0.040470 -1.671587 9.531236 0.318447 0.001397 0.009876
0.080975 -1.495000 9.540884 0.321639 -0.000732 0.007748
0.024007 -1.437685 9.642880 0.326960 -0.002860 0.007748
0.074087 -1.418613 9.643029 0.319511 0.000333 0.003491
0.081181 -1.280198 9.640697 0.309933 -0.000732 -0.001830
0.095166 -1.263515 9.531460 0.307804 -0.001796 0.004555
0.143208 -1.227718 9.652763 0.302483 -0.001796 0.008812
0.102387 -1.253968 9.555239 0.295034 0.001397 0.014133
0.128690 -1.299320 9.571937 0.298226 -0.001796 0.007748
0.047706 -1.263484 9.614470 0.298226 -0.000732 0.007748
0.162147 -1.146590 9.614820 0.295034 0.000333 -0.003959
0.147891 -1.077371 9.643297 0.296098 0.000333 -0.003959
0.147730 -1.053514 9.591037 0.289713 -0.002860 0.002427
0.124033 -1.024857 9.647987 0.287584 -0.001796 0.002427
0.042614 -0.993817 9.540852 0.282263 -0.000732 -0.001830
0.126190 -1.077375 9.562463 0.282263 0.001397 -0.003959
0.025819 -1.074959 9.495654 0.280135 -0.000732 -0.000766
0.061637 -1.091677 9.507632 0.285456 -0.003924 0.002427
0.054881 -1.031989 9.652537 0.289713 -0.001796 0.001362
0.033187 -0.948463 9.585970 0.293970 0.000333 -0.008216
0.145466 -0.941338 9.648063 0.296098 -0.000732 -0.010344
0.140460 -0.836340 9.581548 0.295034 0.001397 -0.005023
0.133319 -0.714622 9.602928 0.283327 -0.003924 0.000298
0.133322 -0.740874 9.600547 0.279070 -0.000732 -0.003959
0.090532 -0.750395 9.647934 0.273749 -0.000732 0.003491
0.033254 -0.783786 9.631134 0.270557 0.000333 0.007748
0.090497 -0.783809 9.631300 0.272685 -0.002860 0.009876
0.104967 -0.819605 9.681224 0.276942 -0.000732 -0.006087
0.195423 -0.714641 9.633990 0.278006 0.001397 -0.012472
0.195493 -0.700318 9.660126 0.284392 -0.000732 -0.007151
0.154688 -0.609627 9.584000 0.287584 0.002461 0.000298
0.193180 -0.566666 9.702902 0.286520 0.002461 -0.003959
0.202260 -0.612039 9.539001 0.289713 -0.000732 -0.011408
0.047364 -0.540374 9.595578 0.290777 -0.001796 -0.006087
-0.033643 -0.568975 9.621470 0.290777 -0.000732 -0.000766
0.033161 -0.461605 9.643062 0.288648 -0.000732 0.001362
0.123745 -0.368568 9.638589 0.289713 0.000333 -0.000766
0.092899 -0.301723 9.702652 0.279070 -0.001796 0.000298
0.133303 -0.201512 9.667150 0.268428 -0.002860 0.000298
0.250317 -0.158592 9.722137 0.257786 -0.004988 -0.000766
0.181309 -0.110825 9.783711 0.237566 -0.003924 0.002427
0.064055 -0.072614 9.657468 0.219474 -0.003924 0.002427
0.090408 -0.156148 9.686038 0.209896 0.000333 -0.000766
0.188308 -0.153794 9.724333 0.199254 -0.002860 0.002427
0.126221 -0.177639 9.695642 0.188612 -0.002860 -0.003959
0.111717 -0.163325 9.631460 0.183291 -0.002860 -0.011408
0.076345 -0.153742 9.771522 0.172649 -0.003924 -0.015665
0.071249 -0.048749 9.674123 0.160942 -0.002860 -0.010344
0.057056 -0.029645 9.716846 0.142850 0.001397 0.000298
-0.031275 0.068235 9.702351 0.133272 -0.001796 0.005619
0.123807 0.087269 9.721809 0.119438 -0.003924 0.002427
0.140706 -0.022509 9.776481 0.099217 -0.003924 0.002427
0.149979 -0.012981 9.686234 0.089639 0.000333 0.003491
0.199896 -0.034489 9.624609 0.089639 0.000333 0.002427
0.128590 -0.084565 9.702790 0.085383 -0.002860 -0.000766
0.011566 -0.156124 9.640673 0.080061 -0.000732 0.000298
0.128743 -0.156154 9.745541 0.087511 0.000333 0.005619
0.169044 -0.146637 9.662512 0.085383 -0.006053 0.006684
0.159387 -0.113227 9.626855 0.091768 -0.000732 0.004555
0.188036 -0.060733 9.643576 0.086447 0.001397 -0.002894
0.080693 -0.065464 9.638512 0.089639 -0.001796 -0.010344
0.156925 -0.077432 9.605472 0.094961 -0.002860 -0.006087
0.104581 -0.106043 9.645702 0.099217 0.000333 -0.006087
0.092737 -0.103647 9.674176 0.105603 0.000333 -0.001830
0.202465 0.392715 9.745842 -0.013590 -0.010310 0.003491
0.347278 0.134871 9.477775 0.017273 -0.007117 0.016262
0.698981 0.736075 9.115417 -0.000819 0.007782 0.062023
0.303977 0.120549 9.349361 -0.012526 -0.001796 0.053509
-0.068301 -0.032054 9.260357 -0.016783 0.010975 0.006684
-0.106064 -0.113160 9.386145 -0.024232 0.007782 -0.030564
0.108937 -0.213463 9.488905 -0.013590 0.004590 -0.018858
0.116570 -0.144230 9.662360 -0.007205 -0.003924 0.020518
0.195505 -0.117996 9.743365 -0.002948 0.003525 0.010940
0.157018 -0.032083 9.643490 -0.008269 -0.001796 -0.014601
0.161858 0.037130 9.676774 -0.009333 0.000333 -0.013537
0.159419 0.015649 9.655383 -0.009333 -0.000732 0.003491
0.152493 0.065782 9.740894 -0.011461 0.005654 0.013069
0.056847 -0.010563 9.647953 -0.009333 0.001397 0.003491
0.159470 -0.008214 9.669634 -0.010397 0.001397 -0.007151
0.137998 -0.029685 9.664816 -0.008269 0.002461 0.000298
0.087862 -0.012962 9.650419 -0.007205 -0.002860 0.008812
0.142930 0.051465 9.731361 -0.009333 0.002461 0.009876
0.128594 -0.008195 9.714681 -0.010397 0.001397 0.003491
0.087683 -0.051157 9.583894 -0.007205 -0.000732 0.001362
0.123835 -0.036831 9.714662 -0.006140 0.000333 0.007748
0.095073 -0.012962 9.669446 -0.005076 0.000333 0.007748
0.278523 -0.070323 9.591573 -0.010397 0.000333 0.012005
0.175919 -0.051192 9.579399 -0.009333 -0.001796 0.025840
0.188228 -0.039243 9.712474 -0.008269 0.001397 0.021583
0.006969 0.037199 9.726213 -0.009333 0.002461 0.015197
0.085512 0.089663 9.676560 -0.008269 0.004590 0.001362
0.063982 0.075349 9.652740 -0.012526 -0.000732 -0.011408
0.164157 0.008485 9.643517 -0.009333 0.003525 -0.002894
0.199871 -0.058356 9.612727 -0.009333 0.001397 0.008812
0.126046 -0.067867 9.650522 -0.007205 -0.000732 0.013069
0.102259 -0.055921 9.674212 -0.009333 -0.000732 0.004555
0.195285 0.018026 9.686370 -0.010397 0.000333 0.004555
0.076109 -0.012948 9.709776 -0.007205 -0.000732 0.002427
0.123601 -0.091735 9.626754 -0.005076 -0.000732 0.004555
0.143027 -0.053539 9.750351 -0.010397 0.000333 0.003491
0.063959 0.099213 9.647991 -0.007205 0.003525 0.002427
0.104504 0.053852 9.640976 -0.005076 0.000333 -0.001830
0.059252 0.008529 9.657467 -0.005076 -0.000732 -0.001830
0.197560 -0.020166 9.643609 -0.012526 0.001397 0.001362
0.135518 0.051454 9.643440 -0.011461 0.001397 0.005619
0.173939 -0.005825 9.724315 -0.017847 0.005654 0.006684
0.123780 -0.036834 9.695657 -0.014654 0.000333 0.002427
0.130838 -0.001044 9.667175 -0.007205 -0.000732 -0.001830
0.147245 -0.022545 9.565066 -0.012526 0.001397 -0.002894
0.176194 0.113495 9.695833 -0.013590 0.001397 -0.005023
0.140363 0.039523 9.667210 -0.011461 0.004590 0.000298
0.145293 0.003732 9.717108 -0.013590 0.001397 -0.000766
0.083183 -0.015342 9.681289 -0.011461 0.000333 -0.000766
0.092746 0.013295 9.693199 -0.007205 -0.003924 0.001362
0.157235 -0.020138 9.719513 -0.010397 -0.000732 0.000298
0.152570 0.010895 9.759892 -0.009333 0.000333 -0.000766
0.231216 -0.020165 9.733982 -0.011461 0.000333 0.000298
0.071231 0.015687 9.676507 -0.014654 0.003525 -0.003959
0.099830 -0.032057 9.662330 -0.011461 -0.001796 0.002427
0.083164 0.032389 9.681295 -0.012526 0.002461 0.005619
0.121137 0.001338 9.612509 -0.009333 0.000333 0.000298
0.128233 -0.039240 9.586390 -0.007205 0.000333 0.002427
0.051987 -0.010566 9.617057 -0.010397 0.003525 -0.003959
0.188119 -0.024930 9.676841 -0.011461 0.000333 -0.000766
0.188097 -0.058343 9.664957 -0.009333 0.001397 0.006684
0.149922 -0.044009 9.662473 -0.005076 0.000333 0.019454
0.073414 -0.086947 9.593350 0.003438 -0.004988 0.024775
0.142592 0.013262 9.610196 -0.008269 -0.003924 0.020518
0.157275 -0.017749 9.733768 -0.010397 0.001397 0.006684
0.125984 0.123055 9.655303 -0.009333 0.000333 -0.002894
0.104496 0.161247 9.652871 -0.009333 0.001397 -0.003959
0.135549 0.044296 9.652943 -0.011461 0.001397 0.006684
0.133138 -0.082192 9.626783 -0.010397 -0.001796 0.015197
0.064319 -0.091692 9.745364 -0.008269 0.001397 0.006684
0.016429 -0.144188 9.673948 -0.009333 -0.000732 0.002427
0.033169 -0.256361 9.673979 0.001309 0.001397 0.003491
0.233325 -0.268383 9.605663 -0.007205 -0.002860 -0.020986
0.300268 -0.337612 9.650985 -0.000819 -0.009245 -0.050784
0.171330 -0.211080 9.619747 0.004502 -0.010310 -0.058234
-0.095581 -0.148912 9.704505 0.006630 -0.010310 -0.055041
-0.133814 0.256815 9.735342 0.024722 -0.017759 -0.032693
-0.070966 0.022953 9.989680 0.037493 0.001397 -0.011408
0.141060 -0.182389 9.876232 0.126887 -0.004988 0.017326
0.336325 -0.607292 9.710438 0.153493 0.002461 0.020518
0.267976 -0.946112 9.945374 0.200318 0.001397 0.022647
0.210679 -1.020076 9.916689 0.275878 -0.003924 0.010940
0.105893 -0.864899 9.992430 0.370593 -0.004988 0.002427
0.060681 -0.817144 10.035067 0.464245 -0.006053 -0.010344
-0.006383 -0.793267 9.942225 0.550447 -0.004988 -0.008216
0.026949 -0.850561 9.913805 0.632391 -0.001796 0.009876
0.043521 -0.817163 9.875849 0.715400 -0.000732 0.034353
0.170064 -0.657306 9.942760 0.815437 0.000333 0.056702
0.350695 -0.511832 9.743753 0.898446 -0.006053 0.052445
0.398574 -0.273185 9.836581 0.978263 -0.006053 0.016262
0.359634 0.115797 9.622722 1.041052 -0.009245 -0.031628
0.199453 0.488144 9.543920 1.077235 -0.010310 -0.049720
0.005961 0.726861 9.474501 1.080428 -0.009245 -0.024179
-0.054159 1.006086 9.343711 1.055951 -0.010310 -0.013537
0.003813 1.368860 9.643267 1.063400 -0.008181 -0.012472
0.306001 1.435525 9.404216 1.071914 -0.010310 -0.018858
0.436014 1.817259 9.055433 0.992098 -0.004988 -0.010344
0.357972 2.194404 9.335593 0.914410 -0.002860 -0.000766
0.188342 2.492776 9.278133 0.845235 -0.002860 -0.020986
0.104308 2.597787 9.102107 0.763290 -0.003924 -0.032693
-0.112644 2.514349 9.122845 0.690923 -0.000732 -0.002894
-0.021495 2.476156 9.294150 0.628134 -0.000732 0.034353
0.081218 2.285198 9.320551 0.581309 -0.004988 0.041803
0.186338 2.075149 9.351705 0.538740 -0.004988 0.008812
0.291616 1.917612 9.444636 0.528098 -0.001796 -0.010344
0.189024 1.960609 9.439594 0.525969 -0.001796 -0.001830
0.088798 1.896209 9.413160 0.518520 -0.007117 0.009876
0.086265 1.953479 9.370400 0.520648 -0.001796 0.003491
-0.021543 2.177833 9.237086 0.498300 -0.018823 -0.006087
-0.213534 1.932159 9.616594 0.508942 -0.009245 0.018390
0.091524 1.979756 9.541466 0.539804 -0.006053 0.018390
0.124207 2.003570 9.301626 0.550447 -0.003924 -0.000766
0.186333 2.192090 9.365978 0.547254 -0.002860 -0.018858
0.126483 2.452237 9.325459 0.531291 -0.003924 -0.014601
0.130886 2.681325 9.230483 0.510006 -0.004988 0.003491
0.161597 2.903247 9.159339 0.471694 -0.003924 0.025840
0.338092 3.003413 9.171745 0.428061 -0.009245 0.035417
0.304753 3.289816 9.228708 0.371658 -0.000732 0.030096
0.173070 3.468833 9.081064 0.319511 0.000333 0.008812
0.087197 3.382951 9.066548 0.258850 -0.000732 -0.002894
0.063403 3.397283 9.087861 0.188612 0.001397 0.003491
0.111242 3.280329 9.118865 0.131144 -0.002860 0.018390
0.206902 3.144271 9.188016 0.073676 -0.000732 0.026904
0.259152 3.254020 9.126418 0.021529 -0.001796 0.020518
0.078013 3.165797 9.159138 -0.021039 -0.008181 0.019454
0.023327 3.289929 9.235019 -0.064672 -0.001796 0.018390
-0.084181 3.211205 9.163424 -0.101920 0.001397 0.025840
0.027780 3.041708 9.092453 -0.141296 0.003525 0.023711
0.028420 2.948666 9.299121 -0.178544 0.004590 0.020518
0.116487 2.903276 9.230477 -0.207278 0.004590 0.025840
0.219222 2.867447 9.285409 -0.233883 0.009911 0.025840
0.245268 2.788670 9.209452 -0.255168 0.002461 0.027968
0.164546 2.721898 9.327989 -0.270067 0.005654 0.020518
0.226511 2.669366 9.304403 -0.278581 0.004590 0.013069
0.212237 2.487995 9.292455 -0.288158 0.003525 0.008812
0.200511 2.526196 9.366072 -0.296672 0.001397 0.014133
0.174414 2.523828 9.413508 -0.295608 0.004590 0.019454
0.097925 2.361562 9.334865 -0.295608 0.004590 0.025840
0.138406 2.373475 9.313602 -0.299865 0.007782 0.017326
0.207927 2.289937 9.423071 -0.297736 0.004590 0.014133
0.248417 2.189683 9.389914 -0.289223 0.006718 0.012005
0.203020 2.161057 9.358894 -0.278581 0.003525 0.014133
0.253337 2.141958 9.435059 -0.261553 0.004590 0.007748
0.136581 2.008363 9.456079 -0.247718 0.006718 0.004555
0.122546 2.046568 9.555821 -0.233883 0.004590 0.006684
0.088808 2.010765 9.432183 -0.221113 0.001397 0.004555
0.220100 2.101408 9.482468 -0.212599 0.003525 -0.000766
0.234138 2.144345 9.394616 -0.205149 0.006718 -0.000766
0.167645 2.161093 9.496579 -0.198764 0.005654 0.003491
0.158007 2.039377 9.446643 -0.194507 0.003525 0.004555
0.193827 2.001181 9.456244 -0.184929 0.002461 0.003491
0.146280 1.958250 9.503612 -0.176415 0.002461 -0.002894
0.191356 2.060841 9.434866 -0.170030 0.000333 -0.005023
0.170140 2.005972 9.513190 -0.164709 0.003525 -0.002894
0.079533 2.056128 9.529565 -0.166837 0.001397 -0.003959
0.200773 2.022645 9.387374 -0.161516 0.004590 -0.000766
0.191471 2.015502 9.468118 -0.168966 0.004590 -0.006087
0.112971 1.994066 9.536779 -0.164709 0.002461 -0.000766
0.172367 1.967778 9.453800 -0.164709 0.005654 0.008812
0.165281 1.915280 9.470401 -0.164709 0.004590 0.000298
0.174374 1.977302 9.325523 -0.165773 0.002461 -0.006087
0.179567 1.996416 9.472832 -0.166837 0.005654 -0.008216
0.177071 1.977318 9.432434 -0.168966 0.004590 -0.002894
0.196205 2.001179 9.453875 -0.177480 0.003525 -0.000766
0.177258 1.924824 9.489443 -0.184929 0.003525 0.001362
0.103244 1.991673 9.472609 -0.193443 0.005654 0.003491