0.088091 -0.137051 9.712168 -0.008269 0.002461 -0.000766
0.207209 0.108710 9.698298 -0.005076 0.001397 -0.001830
0.195020 0.144499 9.612745 -0.009333 0.002461 -0.000766
0.159474 0.103954 9.686280 -0.010397 0.000333 -0.000766
0.123643 -0.022522 9.650522 -0.010397 0.002461 0.000298
0.123602 0.044299 9.645782 -0.007205 0.003525 0.003491
0.219199 0.173146 9.729227 -0.013590 0.001397 0.003491
0.185613 0.018022 9.641206 -0.015718 0.002461 -0.001830
0.104849 -0.065457 9.743111 -0.007205 -0.000732 -0.000766
0.135586 -0.032072 9.655307 -0.010397 -0.001796 0.000298
0.090328 0.044319 9.686069 -0.008269 0.002461 -0.001830
0.121313 0.013280 9.674277 -0.012526 -0.000732 -0.000766
0.183492 0.015651 9.731474 -0.010397 -0.000732 0.000298
0.133258 0.015663 9.681438 -0.012526 0.002461 0.000298
0.102420 0.027617 9.740743 -0.011461 0.003525 0.000298
0.166540 0.013257 9.643524 -0.012526 0.003525 0.001362
0.142479 0.001323 9.569808 -0.009333 0.002461 -0.002894
0.190632 0.037127 9.729122 -0.010397 0.003525 0.000298
0.092705 0.013292 9.678946 -0.010397 0.003525 -0.000766
0.118918 0.001348 9.669518 -0.007205 0.002461 0.000298
0.159321 0.034736 9.624502 -0.009333 0.002461 0.001362
0.140292 0.008494 9.638697 -0.009333 0.000333 -0.000766
0.162000 -0.008207 9.719528 -0.011461 -0.001796 0.001362
0.145052 0.034744 9.638715 -0.008269 0.002461 -0.001830
0.102700 0.072977 9.842902 -0.007205 0.001397 0.003491
0.200077 0.015639 9.693512 -0.010397 -0.000732 0.001362
0.209707 -0.001066 9.722045 -0.007205 0.001397 -0.001830
0.142885 -0.010588 9.707595 -0.008269 0.000333 -0.000766
0.157272 -0.027296 9.731391 -0.010397 -0.000732 0.003491
0.083293 -0.032042 9.716922 -0.010397 0.003525 0.003491
0.102277 -0.048760 9.681338 -0.008269 0.001397 -0.001830
0.175936 0.063364 9.600799 -0.009333 0.001397 -0.003959
0.128483 0.080102 9.688562 -0.011461 0.002461 -0.001830
0.147668 0.027596 9.717118 -0.007205 -0.000732 0.003491
0.140393 0.015659 9.674334 -0.012526 0.002461 0.002427
0.102190 0.029992 9.662346 -0.008269 0.001397 -0.000766
0.116664 0.003743 9.714647 -0.011461 -0.001796 -0.001830
0.126168 0.008510 9.702798 -0.009333 0.002461 0.000298
0.214152 0.034713 9.615159 -0.010397 0.003525 0.001362
0.080552 0.008512 9.600513 -0.011461 0.001397 -0.005023
0.097455 -0.005803 9.669455 -0.006140 0.003525 0.001362
0.068860 -0.003404 9.678874 -0.009333 0.003525 -0.002894
0.085329 0.010897 9.602903 -0.008269 0.005654 0.001362
0.119060 0.010902 9.719407 -0.011461 0.000333 -0.001830
0.200155 0.010870 9.719643 -0.007205 0.002461 -0.000766
0.114079 0.001346 9.645747 -0.013590 0.000333 0.000298
0.163999 -0.013002 9.586498 -0.007205 0.002461 0.001362
0.071273 0.030009 9.693140 -0.009333 0.000333 0.002427
0.052141 0.053879 9.678835 -0.009333 0.005654 -0.000766
0.097557 0.034774 9.709846 -0.008269 0.002461 0.000298
0.126214 0.032378 9.721807 -0.009333 0.000333 -0.000766
0.149834 -0.029695 9.633967 -0.009333 0.002461 -0.002894
0.130692 0.018041 9.619665 -0.009333 -0.000732 -0.001830
0.102115 0.027601 9.636214 -0.008269 0.004590 -0.001830
0.130900 -0.001040 9.688557 -0.009333 0.004590 0.003491
0.185840 0.039514 9.721982 -0.011461 0.003525 0.000298
0.142952 0.029987 9.736110 -0.010397 -0.000732 0.002427
0.133245 0.013276 9.676687 -0.009333 0.000333 -0.001830
0.114387 -0.008183 9.750275 -0.012526 0.000333 0.000298
0.138087 0.008505 9.700458 -0.009333 0.001397 0.001362
0.190566 0.027577 9.705363 -0.007205 0.002461 0.000298
0.145186 0.044297 9.686229 -0.008269 0.000333 0.003491
0.147296 0.006096 9.586452 -0.007205 0.001397 -0.002894
0.142792 0.049071 9.683848 -0.011461 0.002461 -0.001830
0.197621 0.001316 9.667370 -0.012526 0.000333 0.001362
0.097512 0.008519 9.690837 -0.010397 -0.001796 -0.000766
0.147651 0.001343 9.707610 -0.009333 0.000333 -0.000766
0.107190 -0.024889 9.733622 -0.011461 0.002461 0.001362
0.121469 0.003742 9.726541 -0.011461 0.001397 0.002427
0.166663 0.034743 9.688666 -0.008269 0.001397 0.002427
0.128435 0.044301 9.667175 -0.010397 0.002461 -0.001830
0.131080 0.053860 9.757459 -0.010397 0.005654 0.001362
0.159395 0.058605 9.653014 -0.007205 0.002461 -0.001830
0.223759 0.041872 9.638945 -0.012526 0.002461 -0.000766
0.128353 0.006112 9.633910 -0.008269 0.001397 0.000298
0.118863 0.018051 9.652890 -0.011461 0.002461 0.000298
0.130754 -0.015368 9.636291 -0.007205 0.002461 0.000298
0.112030 -0.008181 9.759770 -0.011461 0.002461 -0.001830
0.171447 0.070540 9.698188 -0.009333 0.000333 -0.000766
0.149894 0.010880 9.660106 -0.009333 0.001397 0.000298
0.212133 -0.015384 9.733928 -0.010397 -0.000732 0.001362
0.183217 0.008477 9.636447 -0.008269 0.001397 0.000298
0.159573 0.027590 9.710025 -0.008269 0.001397 0.000298
0.116539 0.022828 9.674266 -0.011461 0.000333 0.000298
0.152358 0.039522 9.691001 -0.009333 0.001397 -0.003959
0.071257 0.053873 9.690768 -0.009333 0.000333 0.000298
0.157326 0.010892 9.755154 -0.009333 0.002461 -0.002894
0.147435 0.039516 9.638722 -0.007205 -0.001796 -0.001830
0.137943 -0.048781 9.643432 -0.007205 0.000333 -0.000766
0.140333 -0.024916 9.648193 -0.009333 0.001397 0.001362
0.157165 0.068161 9.707648 -0.007205 0.002461 0.001362
0.119101 -0.005802 9.731283 -0.009333 0.002461 0.002427
0.138075 0.108740 9.709975 -0.011461 0.002461 -0.000766
0.164317 0.006107 9.698157 -0.010397 0.000333 0.000298
0.059422 0.018085 9.716860 -0.010397 0.002461 -0.001830
0.188320 0.025199 9.752870 -0.011461 0.002461 0.001362
0.109318 -0.005811 9.648107 -0.009333 0.001397 -0.000766
0.121291 0.051464 9.671907 -0.009333 0.000333 0.000298
0.154745 0.015656 9.688629 -0.007205 0.002461 0.001362
0.159622 -0.008206 9.721898 -0.008269 0.001397 0.002427
0.178679 0.018037 9.717207 -0.011461 0.004590 0.002427
0.169180 -0.017755 9.726676 -0.010397 0.002461 -0.002894
0.106953 -0.020129 9.652849 -0.008269 -0.001796 -0.000766
0.078481 0.039555 9.712168 -0.009333 0.000333 -0.000766
0.200140 0.049054 9.719648 -0.009333 -0.002860 -0.001830
0.109186 0.049073 9.610105 -0.009333 0.002461 0.002427
0.107073 0.044315 9.702748 -0.010397 0.000333 0.000298
0.157348 0.008507 9.762280 -0.010397 0.004590 -0.001830
0.125978 -0.020139 9.633899 -0.009333 0.000333 0.002427
0.116700 0.034770 9.731282 -0.010397 0.002461 0.001362
0.131185 0.015681 9.788338 -0.011461 0.005654 -0.005023
0.183398 0.041898 9.702970 -0.012526 0.003525 0.001362
0.099763 0.032377 9.648085 -0.011461 -0.000732 0.001362
0.126229 0.029992 9.726559 -0.010397 0.003525 0.000298
0.142789 -0.012980 9.674336 -0.011461 0.000333 0.001362
0.061726 -0.022492 9.683601 -0.010397 0.002461 0.002427
0.200169 0.010870 9.724394 -0.010397 0.003525 -0.003959
0.161789 0.034739 9.653017 -0.008269 -0.000732 -0.000766
0.169147 0.049067 9.724310 -0.012526 0.001397 0.000298
0.173990 0.006111 9.743322 -0.009333 0.003525 0.001362
0.123834 0.001354 9.719419 -0.011461 0.001397 -0.000766
0.101985 0.006115 9.588696 -0.007205 0.001397 -0.002894
0.152455 -0.012977 9.717126 -0.009333 0.004590 -0.000766
0.106867 0.039531 9.631478 -0.010397 0.003525 0.000298
0.133265 0.032370 9.686193 -0.008269 0.000333 0.000298
0.130806 0.010887 9.657675 -0.009333 0.003525 0.001362
0.207446 0.001328 9.764800 -0.010397 0.001397 -0.001830
0.133023 -0.003442 9.598289 -0.008269 0.003525 0.003491
0.135591 0.025206 9.664818 -0.008269 0.003525 0.000298
0.178489 0.025187 9.653065 -0.008269 0.005654 -0.000766
0.161847 0.027583 9.672021 -0.009333 -0.000732 -0.002894
0.066571 0.051493 9.719261 -0.010397 0.003525 0.000298
0.166637 -0.003443 9.674407 -0.010397 0.001397 0.000298
0.152176 0.008487 9.624477 -0.008269 0.003525 0.000298
0.142828 0.029980 9.693348 -0.009333 0.004590 -0.001830
0.059304 0.018078 9.676473 -0.010397 0.002461 -0.000766
0.140338 0.013270 9.655328 -0.012526 0.002461 0.002427
0.154740 0.046681 9.691010 -0.006140 0.002461 0.000298
0.090361 -0.020116 9.688437 -0.010397 0.000333 0.001362
0.099913 0.020452 9.697972 -0.008269 0.002461 -0.000766
0.147344 0.025192 9.605460 -0.008269 0.003525 -0.000766
0.188202 0.008486 9.710105 -0.010397 0.001397 0.001362
0.169246 0.061005 9.759948 -0.011461 0.000333 0.000298
0.157245 0.022821 9.729023 -0.007205 0.004590 0.001362
0.121502 0.008517 9.738420 -0.008269 0.003525 -0.000766
0.195215 -0.032096 9.655479 -0.009333 0.001397 0.000298
0.126209 0.044311 9.721809 -0.010397 0.003525 -0.002894
0.207363 0.070534 9.745805 -0.008269 0.000333 0.000298
0.142794 0.063390 9.686225 -0.008269 0.002461 0.001362
0.090277 0.032384 9.667063 -0.008269 0.004590 0.001362
0.073519 0.049093 9.648011 -0.010397 0.001397 0.001362
0.185808 -0.020152 9.702967 -0.006140 -0.002860 -0.000766
0.128385 0.029979 9.648168 -0.010397 0.002461 -0.002894
0.138163 0.077719 9.736103 -0.009333 0.002461 -0.000766
0.111666 0.001345 9.636237 -0.009333 0.003525 0.000298
0.195300 0.049052 9.695879 -0.006140 0.004590 0.002427
0.192772 -0.010619 9.638845 -0.009333 0.001397 -0.000766
0.133385 0.010897 9.724199 -0.010397 -0.000732 -0.000766
0.142762 0.020431 9.669590 -0.008269 0.000333 0.000298
0.071278 0.070581 9.700273 -0.007205 0.000333 -0.000766
0.128415 0.008501 9.655292 -0.008269 -0.000732 0.000298
0.128852 0.006139 9.804957 -0.008269 0.001397 -0.001830
0.102297 0.006132 9.695601 -0.008269 -0.001796 0.000298
0.190346 0.006086 9.626964 -0.010397 0.001397 -0.001830
0.130816 0.001342 9.660049 -0.010397 0.001397 -0.000766
0.154838 -0.008205 9.717134 -0.007205 0.003525 -0.002894
0.152192 0.020421 9.631607 -0.010397 -0.000732 0.001362
0.133265 -0.001042 9.681436 -0.011461 0.000333 0.000298
0.135595 0.051458 9.669574 -0.008269 0.001397 -0.000766
0.090287 0.044317 9.671816 -0.010397 0.001397 -0.001830
0.116529 0.013281 9.669513 -0.010397 0.004590 -0.002894
0.121335 -0.008198 9.679026 -0.008269 0.002461 0.000298
0.166704 0.053838 9.705298 -0.008269 0.000333 0.000298
0.133434 -0.008193 9.738451 -0.009333 0.000333 0.002427
0.188045 0.039503 9.660221 -0.010397 0.003525 0.002427
0.126195 0.010898 9.712302 -0.011461 0.001397 -0.001830
0.152398 0.058617 9.707633 -0.009333 -0.000732 0.002427
0.128558 0.029988 9.707560 -0.010397 0.002461 -0.000766
0.126298 -0.005802 9.745558 -0.008269 0.001397 0.000298
0.200108 -0.010612 9.700634 -0.008269 0.001397 0.000298
0.185635 0.013251 9.648332 -0.010397 0.000333 0.000298
0.173901 0.001333 9.712439 -0.007205 0.003525 0.000298
0.133250 -0.051161 9.669551 -0.010397 0.001397 -0.000766
0.190577 0.053830 9.712496 -0.009333 0.003525 -0.000766
0.130786 0.025206 9.652925 -0.009333 0.000333 0.001362
0.142965 0.015668 9.738482 -0.008269 0.001397 0.003491
0.142895 0.001345 9.712349 -0.013590 0.000333 0.002427
0.061777 0.041948 9.709743 -0.007205 0.001397 0.001362
0.128369 0.037138 9.643417 -0.010397 -0.000732 0.002427
0.166637 -0.003443 9.674407 -0.008269 0.000333 0.001362
0.152413 0.003727 9.705249 -0.011461 0.004590 0.000298
0.195154 0.015632 9.641233 -0.009333 0.002461 -0.000766
0.133183 0.013273 9.655307 -0.006140 0.003525 0.001362
0.075964 0.108759 9.676536 -0.008269 0.001397 0.000298
0.111938 0.065797 9.738400 -0.012526 0.004590 -0.000766
0.195607 0.027590 9.798029 -0.010397 0.001397 0.000298
0.173999 0.070549 9.755212 -0.010397 0.003525 0.001362
0.197567 0.084843 9.660256 -0.012526 0.003525 0.000298
0.181009 0.018033 9.698208 -0.009333 0.001397 0.000298
0.099686 0.032373 9.621953 -0.010397 0.002461 -0.000766
0.097446 0.015675 9.669457 -0.009333 0.003525 -0.005023
0.157196 -0.027300 9.705258 -0.012526 0.003525 0.000298
0.121138 0.051456 9.619643 -0.010397 0.003525 0.002427
0.135749 -0.005811 9.714702 -0.013590 -0.000732 -0.001830
0.076037 0.046712 9.693156 -0.011461 0.003525 -0.000766
0.159492 -0.046398 9.672003 -0.010397 0.002461 0.000298
0.147657 0.003729 9.709987 -0.010397 0.001397 0.000298
0.140329 0.020429 9.652953 -0.010397 -0.000732 0.000298
0.123703 0.001347 9.674283 -0.011461 0.005654 -0.002894
0.092786 -0.017729 9.702697 -0.008269 0.003525 0.002427
0.150098 -0.015361 9.726621 -0.012526 0.003525 0.000298
0.192924 0.044280 9.698246 -0.012526 0.002461 0.001362
0.094980 0.010899 9.640942 -0.007205 0.001397 0.002427
0.188193 0.032352 9.710109 -0.009333 0.004590 -0.001830
0.131129 0.034770 9.771710 -0.010397 0.003525 -0.001830
0.128400 0.010887 9.650541 -0.009333 0.002461 -0.000766
0.107023 0.029993 9.683742 -0.010397 0.003525 0.002427
0.164567 0.058625 9.790816 -0.009333 0.003525 -0.002894
0.190687 -0.015375 9.740992 -0.009333 -0.000732 -0.000766
0.221464 0.039491 9.669822 -0.009333 0.003525 -0.001830
0.123629 0.029982 9.652905 -0.010397 0.001397 0.002427
0.114005 0.029981 9.624370 -0.010397 0.002461 0.002427
0.118884 0.053850 9.664774 -0.010397 0.000333 -0.005023
0.135762 0.029988 9.724210 -0.009333 0.000333 0.000298
0.099832 -0.020124 9.664707 -0.008269 0.000333 -0.000766
0.176276 0.063382 9.717207 -0.009333 0.002461 0.000298
0.130871 0.056236 9.686190 -0.011461 -0.000732 0.001362
0.183352 0.070535 9.691096 -0.012526 0.001397 0.000298
0.130982 0.003737 9.717066 -0.007205 -0.000732 -0.000766
0.173878 -0.027307 9.700556 -0.009333 0.002461 -0.000766
0.130859 0.015663 9.676681 -0.012526 -0.000732 -0.001830
0.154762 0.025203 9.695757 -0.008269 0.003525 -0.000766
0.123912 -0.003415 9.745551 -0.010397 0.003525 0.001362
0.092708 0.006133 9.678945 -0.008269 0.000333 -0.000766
0.083028 -0.027283 9.626647 -0.007205 -0.001796 0.000298
0.154893 0.027597 9.740895 -0.010397 0.002461 -0.000766
0.107001 0.032378 9.676614 -0.010397 0.000333 -0.001830
0.133260 0.046689 9.686194 -0.010397 0.002461 0.001362
0.195230 -0.001070 9.664987 -0.009333 0.002461 -0.001830
0.114242 0.008515 9.702764 -0.010397 0.003525 0.000298
0.161913 0.053839 9.698158 -0.010397 0.005654 -0.002894
0.090252 0.080113 9.664695 -0.010397 -0.000732 0.000298
0.142767 0.044296 9.674345 -0.008269 0.003525 -0.001830
0.126082 0.015665 9.674292 -0.008269 0.003525 -0.001830
0.123531 0.015657 9.617269 -0.007205 -0.000732 -0.003959
0.126132 -0.005811 9.688542 -0.009333 0.001397 0.000298
0.128571 0.068174 9.717069 -0.010397 0.001397 0.000298
0.126039 -0.032069 9.652904 -0.008269 0.001397 0.000298
0.159541 0.020428 9.698146 -0.009333 0.004590 -0.002894
0.119105 0.037156 9.738417 -0.013590 0.001397 -0.000766
0.195268 0.008479 9.679243 -0.008269 0.000333 0.000298
0.073503 0.037159 9.640883 -0.011461 -0.001796 0.000298
0.154773 -0.001049 9.695753 -0.011461 0.002461 -0.001830
0.130834 0.027595 9.669557 -0.011461 0.002461 0.001362
0.109635 -0.001021 9.757388 -0.008269 0.002461 0.000298
0.116461 0.027597 9.648132 -0.009333 0.002461 -0.000766
0.102143 0.008510 9.643337 -0.010397 0.001397 0.001362
0.154670 -0.003441 9.660117 -0.009333 0.000333 0.000298
0.159685 -0.010589 9.743279 -0.010397 0.000333 0.001362
0.138113 -0.022519 9.705203 -0.009333 0.002461 0.002427
0.149891 0.034746 9.662485 -0.010397 0.005654 -0.000766
0.130863 0.041916 9.681436 -0.012526 0.001397 -0.002894
0.175961 -0.015392 9.598412 -0.008269 0.005654 -0.000766
0.180817 0.013250 9.631689 -0.012526 0.000333 0.001362
0.154721 -0.010598 9.676745 -0.010397 0.003525 -0.001830
0.123891 -0.036828 9.733667 -0.011461 0.001397 0.000298
0.102180 0.003739 9.655215 -0.010397 0.000333 0.000298
0.126168 -0.027289 9.698041 -0.009333 0.001397 -0.000766
0.152415 0.034752 9.710005 -0.009333 0.003525 -0.000766
0.140132 0.044284 9.588813 -0.009333 0.000333 -0.001830
0.195330 0.025188 9.703002 -0.011461 0.001397 -0.000766
0.114092 0.020439 9.652877 -0.009333 0.001397 0.002427
0.164343 -0.024916 9.702904 -0.008269 -0.000732 -0.000766
0.164455 -0.008204 9.743293 -0.010397 0.006718 0.000298
0.137966 0.015658 9.660072 -0.007205 0.001397 -0.002894
0.123892 0.013290 9.740803 -0.008269 -0.001796 0.001362
0.133234 0.058620 9.679070 -0.011461 0.003525 -0.000766
0.121415 0.034765 9.712292 -0.008269 0.002461 -0.001830
0.166595 -0.003446 9.660152 -0.009333 -0.001796 0.003491
0.152307 -0.024918 9.664859 -0.009333 0.000333 -0.001830
0.135548 0.029976 9.650565 -0.010397 0.004590 0.000298
0.154802 0.013272 9.707633 -0.009333 0.001397 -0.000766
0.123800 0.018058 9.709920 -0.010397 0.001397 -0.001830
0.135634 -0.029683 9.671936 -0.011461 0.001397 -0.001830
0.121276 -0.015360 9.657643 -0.009333 0.003525 0.000298
0.097421 0.044313 9.664710 -0.009333 0.001397 -0.001830
0.156994 0.027580 9.643499 -0.012526 0.000333 0.000298
0.130987 -0.010582 9.717064 -0.012526 0.001397 0.000298
0.135763 0.063400 9.728967 -0.012526 0.002461 0.001362
0.092690 0.015678 9.674195 -0.008269 -0.000732 -0.000766
0.126144 0.015668 9.695672 -0.009333 0.000333 0.001362
0.169130 0.003721 9.712425 -0.008269 0.001397 0.000298
0.121219 -0.012977 9.638638 -0.009333 0.002461 -0.001830
0.159354 0.072923 9.641139 -0.009333 0.000333 -0.001830
0.149755 0.063377 9.619728 -0.008269 0.002461 -0.000766
0.133251 0.034755 9.681441 -0.013590 0.001397 -0.000766
0.162027 -0.005819 9.729033 -0.007205 -0.000732 -0.000766
0.180880 -0.024932 9.648312 -0.008269 0.002461 -0.003959
0.111674 0.034758 9.643369 -0.007205 0.000333 0.000298
0.138069 0.018050 9.695707 -0.006140 0.000333 -0.000766
0.109299 -0.043997 9.636224 -0.008269 0.004590 0.003491
0.161977 -0.001049 9.712404 -0.010397 0.004590 0.002427
0.152597 -0.058314 9.759880 -0.010397 0.002461 0.000298
0.109553 0.049092 9.736015 -0.011461 0.000333 -0.000766
0.157206 -0.001047 9.712390 -0.012526 0.003525 -0.000766
0.121254 -0.032068 9.648137 -0.010397 0.002461 0.001362
0.145212 0.049072 9.695733 -0.005076 0.003525 -0.000766
0.061821 -0.001008 9.719239 -0.006140 0.000333 -0.000766
0.135720 -0.020132 9.702822 -0.010397 0.001397 0.004555
0.173665 -0.012999 9.629288 -0.010397 -0.001796 -0.001830
0.114405 0.018070 9.759781 -0.009333 0.000333 0.001362
0.137905 -0.022530 9.633933 -0.009333 0.001397 -0.001830
0.188125 0.010869 9.683973 -0.009333 -0.000732 0.002427
0.216613 0.018010 9.638920 -0.010397 -0.001796 0.000298
0.156949 0.018032 9.626868 -0.009333 0.004590 0.000298
0.097515 -0.017733 9.688457 -0.009333 0.001397 -0.002894
0.130842 0.058621 9.676687 -0.010397 0.000333 0.000298
0.200005 -0.013004 9.664999 -0.012526 0.002461 0.000298
0.128685 -0.027282 9.743186 -0.010397 0.003525 -0.003959
0.159553 -0.008210 9.698141 -0.010397 0.004590 -0.000766
0.095173 -0.039208 9.700325 -0.008269 -0.000732 -0.003959
0.161867 -0.039240 9.669636 -0.010397 0.001397 -0.001830
0.159670 0.027595 9.743284 -0.011461 0.001397 0.000298
0.200287 0.008490 9.764780 -0.010397 0.002461 -0.000766
0.128492 -0.029679 9.676666 -0.008269 0.002461 -0.003959
0.207362 0.072920 9.745806 -0.010397 0.000333 -0.001830
0.147877 0.008515 9.786009 -0.010397 0.002461 -0.000766
0.075997 -0.008181 9.671766 -0.008269 0.000333 -0.000766
0.104586 0.020445 9.664727 -0.009333 -0.000732 0.001362
0.145385 0.032375 9.752746 -0.009333 0.002461 -0.001830
0.140476 0.051462 9.707598 -0.006140 0.003525 0.002427
0.142696 0.029973 9.648210 -0.009333 0.000333 0.000298
0.138125 0.034759 9.717092 -0.011461 0.000333 -0.002894
0.138265 -0.039217 9.755091 -0.010397 0.001397 -0.000766
0.121327 -0.005811 9.676649 -0.008269 -0.000732 0.000298
0.116644 0.001355 9.707520 -0.009333 0.003525 -0.000766
0.181128 -0.020145 9.733837 -0.009333 0.002461 -0.005023
0.161915 0.049066 9.698157 -0.006140 0.002461 -0.000766
0.162082 0.082487 9.759930 -0.007205 0.002461 -0.000766
0.152426 0.025207 9.712380 -0.008269 -0.001796 -0.000766
0.130873 -0.001042 9.679054 -0.007205 0.000333 0.000298
0.133401 0.039537 9.733707 -0.006140 0.001397 -0.000766
0.159544 0.032361 9.700523 -0.007205 0.001397 -0.001830
0.114278 0.022836 9.717020 -0.008269 0.000333 0.002427
0.197677 0.034731 9.691132 -0.010397 0.002461 -0.000766
0.145147 -0.012982 9.664840 -0.009333 0.002461 0.003491
0.140328 -0.012983 9.648195 -0.010397 0.000333 -0.000766
0.140591 -0.046381 9.733715 -0.008269 -0.000732 0.000298
0.114102 0.046692 9.660007 -0.012526 -0.000732 -0.000766
0.130680 0.049066 9.619670 -0.009333 0.002461 -0.000766
0.099941 0.020454 9.707475 -0.009333 0.005654 -0.000766
0.166750 -0.008210 9.712417 -0.013590 0.003525 -0.002894
0.166771 -0.010596 9.719543 -0.012526 0.001397 -0.002894
0.171499 0.027585 9.710059 -0.011461 -0.002860 0.000298
0.152304 0.070545 9.676751 -0.010397 0.000333 -0.000766
0.164184 -0.024925 9.648263 -0.009333 0.002461 -0.001830
0.131013 0.063403 9.736080 -0.010397 0.000333 -0.001830
0.142960 0.027601 9.738484 -0.010397 0.000333 -0.000766
0.178625 0.032354 9.700579 -0.012526 0.003525 0.000298
0.180699 0.046655 9.596059 -0.010397 -0.000732 -0.001830
0.138096 0.037144 9.707588 -0.010397 0.001397 -0.001830
0.149984 0.010885 9.690989 -0.007205 0.001397 -0.002894
0.133415 0.003739 9.733702 -0.008269 0.001397 0.000298
0.190583 0.001326 9.707735 -0.013590 0.001397 0.000298
0.135818 -0.005807 9.738459 -0.009333 0.003525 0.001362
0.138174 -0.001037 9.728964 -0.010397 0.001397 -0.003959
0.166738 -0.048782 9.702907 -0.009333 -0.003924 -0.001830
0.147504 -0.046397 9.650588 -0.008269 0.000333 -0.001830
0.121489 -0.012962 9.731289 -0.011461 0.000333 0.000298
0.178530 0.027576 9.667318 -0.010397 0.001397 0.000298
0.140186 0.029967 9.605440 -0.011461 -0.000732 0.000298
0.123686 0.008506 9.669533 -0.010397 0.000333 -0.000766
0.192815 0.022795 9.657857 -0.010397 0.003525 -0.001830
0.119031 -0.003419 9.707526 -0.010397 0.002461 0.000298
0.113779 0.022809 9.545971 -0.009333 0.001397 -0.001830
0.173957 0.018042 9.733822 -0.007205 -0.000732 0.002427
0.118628 0.018038 9.572117 -0.007205 0.000333 0.002427
0.168841 -0.017773 9.610268 -0.012526 -0.000732 0.001362
0.119143 -0.005800 9.745537 -0.009333 0.003525 0.002427
0.095212 0.020458 9.721716 -0.011461 0.000333 0.001362
0.128558 -0.003424 9.702804 -0.009333 0.000333 -0.001830
0.116559 -0.029675 9.674257 -0.010397 0.003525 -0.000766
0.130753 0.003725 9.638668 -0.008269 0.003525 0.000298
0.083046 0.015676 9.638532 -0.011461 0.000333 0.001362
0.106911 0.032374 9.645731 -0.008269 0.000333 0.000298
0.094897 0.080105 9.621947 -0.010397 0.000333 -0.000766
0.171360 0.010872 9.660169 -0.009333 0.003525 -0.000766
0.130884 -0.029680 9.679049 -0.008269 0.000333 0.000298
0.085590 0.051482 9.697936 -0.011461 0.004590 -0.000766
0.130912 0.003733 9.693309 -0.006140 0.000333 -0.001830
0.178595 0.037125 9.691077 -0.008269 0.004590 -0.000766
0.083189 -0.032047 9.681286 -0.008269 -0.000732 -0.003959
0.118977 -0.005809 9.688521 -0.008269 0.003525 -0.000766
0.138109 0.022825 9.709962 -0.012526 0.000333 0.000298
0.140380 -0.055938 9.660068 -0.009333 0.000333 0.001362
0.159652 0.003728 9.733778 -0.008269 0.003525 -0.000766
0.164339 -0.012984 9.702906 -0.008269 0.002461 -0.000766
0.178485 0.001321 9.648309 -0.010397 0.000333 0.000298
0.166821 0.003726 9.738550 -0.011461 -0.000732 -0.001830
0.121534 -0.003414 9.747920 -0.010397 0.000333 0.001362