0.188156 -0.048794 9.686339 -0.012526 0.000333 0.001362
0.073832 0.010925 9.750160 -0.012526 0.000333 -0.000766
0.133087 0.010881 9.622046 -0.011461 0.003525 0.000298
0.152055 0.015640 9.584091 -0.014654 0.001397 0.004555
0.173847 0.034742 9.698190 -0.014654 -0.000732 -0.000766
0.154771 -0.032074 9.690997 -0.015718 0.002461 0.000298
0.097540 -0.046370 9.693204 -0.012526 0.000333 0.000298
0.111672 0.003732 9.638613 -0.012526 0.000333 -0.000766
0.204563 -0.020177 9.591366 -0.011461 -0.003924 0.000298
0.178622 -0.029697 9.691067 -0.009333 0.000333 -0.000766
0.137966 0.051456 9.664829 -0.012526 -0.001796 0.000298
0.159363 -0.017766 9.631622 -0.014654 0.000333 0.000298
0.128546 -0.008197 9.698051 -0.014654 0.004590 -0.003959
0.130916 0.013280 9.695686 -0.014654 0.001397 0.000298
0.133354 0.018055 9.714699 -0.014654 -0.000732 0.001362
0.144941 -0.034473 9.591190 -0.013590 0.000333 0.001362
0.132953 -0.017765 9.572153 -0.015718 0.000333 -0.000766
0.142783 0.003726 9.674338 -0.012526 0.001397 0.000298
0.209587 -0.046418 9.674524 -0.015718 0.000333 -0.001830
0.178458 -0.020160 9.636428 -0.013590 0.007782 0.001362
0.140467 0.037142 9.702845 -0.011461 0.002461 0.000298
0.128440 0.049074 9.669553 -0.008269 -0.001796 0.000298
0.104642 0.001355 9.681354 -0.015718 0.002461 -0.001830
0.183226 0.003704 9.638821 -0.015718 0.002461 0.003491
0.121312 -0.020132 9.669521 -0.013590 0.000333 -0.000766
0.092584 0.003740 9.636183 -0.016783 0.007782 0.001362
0.178707 -0.001054 9.724329 -0.009333 0.002461 0.002427
0.102110 0.039533 9.636216 -0.015718 -0.000732 0.001362
0.104454 0.022824 9.619590 -0.014654 -0.002860 -0.002894
0.147434 0.025196 9.636345 -0.009333 0.000333 0.003491
0.121274 -0.046386 9.652887 -0.015718 0.002461 -0.000766
0.190694 0.001332 9.745746 -0.013590 0.003525 0.001362
0.156805 -0.036867 9.569843 -0.012526 0.000333 0.001362
0.140298 -0.008212 9.638694 -0.012526 0.001397 -0.000766
0.166866 -0.022523 9.750425 -0.013590 -0.000732 0.001362
0.159566 -0.041621 9.698136 -0.012526 0.000333 -0.001830
0.092419 -0.017748 9.576787 -0.013590 -0.001796 0.000298
0.099878 0.020450 9.686093 -0.014654 0.001397 0.001362
0.147423 0.034742 9.633970 -0.015718 -0.003924 -0.000766
0.168867 -0.012999 9.619771 -0.012526 0.000333 -0.001830
0.138055 0.018049 9.690956 -0.011461 0.001397 0.002427
0.142403 0.034730 9.548432 -0.013590 0.000333 0.003491
0.159651 0.022821 9.736156 -0.013590 0.000333 0.001362
0.090054 0.037145 9.591043 -0.012526 0.002461 0.000298
0.092533 -0.024902 9.614797 -0.010397 0.002461 0.000298
0.071042 0.020450 9.612366 -0.010397 0.002461 0.000298
0.099771 -0.041606 9.640947 -0.012526 0.001397 -0.001830
0.195118 0.001311 9.626977 -0.015718 0.000333 0.000298
0.142655 -0.005827 9.629199 -0.012526 0.001397 -0.000766
0.168837 0.008479 9.612648 -0.013590 0.003525 -0.000766
0.183215 0.015636 9.636448 -0.014654 0.004590 -0.000766
0.159509 -0.003439 9.683888 -0.012526 0.004590 0.003491
0.097523 -0.020119 9.690832 -0.010397 0.001397 -0.000766
0.118791 -0.008205 9.624378 -0.014654 -0.000732 0.001362
0.157091 0.010880 9.674381 -0.014654 0.000333 -0.001830
0.164134 0.032350 9.638769 -0.015718 0.004590 0.000298
0.190424 0.020409 9.655474 -0.012526 0.002461 0.001362
0.121087 -0.046396 9.588743 -0.014654 -0.000732 0.000298
0.126195 0.010898 9.712302 -0.011461 0.003525 -0.001830
0.116414 0.022821 9.631504 -0.012526 -0.001796 0.000298
0.087832 -0.060695 9.633782 -0.014654 0.000333 -0.000766
0.164226 -0.008217 9.664896 -0.014654 -0.000732 -0.000766
0.111669 0.027598 9.640993 -0.012526 0.004590 -0.000766
0.135841 -0.010579 9.745584 -0.013590 0.000333 0.001362
0.192581 0.018010 9.577084 -0.015718 -0.000732 -0.002894
0.166600 0.003714 9.662529 -0.016783 0.000333 -0.000766
0.114090 -0.008200 9.648120 -0.014654 -0.000732 0.001362
0.199982 0.010860 9.660252 -0.013590 0.003525 0.000298
0.142673 0.018039 9.638705 -0.014654 0.002461 0.000298
0.173659 0.018026 9.631669 -0.014654 -0.000732 -0.001830
0.130939 -0.010584 9.700434 -0.012526 0.005654 0.000298
0.130826 0.029981 9.667180 -0.014654 0.003525 -0.000766
0.104784 0.044321 9.736001 -0.013590 0.003525 0.001362
0.128472 -0.032067 9.669540 -0.011461 -0.002860 0.000298
0.183156 0.006087 9.615065 -0.012526 0.002461 0.000298
0.178499 -0.017771 9.650682 -0.014654 0.000333 -0.000766
0.156830 0.003706 9.584104 -0.013590 0.002461 0.001362
0.138168 -0.022516 9.724208 -0.015718 0.001397 -0.003959
0.107181 0.032388 9.738381 -0.013590 0.000333 0.000298
0.152342 -0.060714 9.671980 -0.015718 0.001397 0.000298
0.130711 -0.012983 9.622036 -0.011461 0.003525 0.002427
0.154535 0.003712 9.614982 -0.014654 0.000333 -0.000766
0.168955 0.025191 9.655413 -0.010397 0.001397 -0.000766
0.149923 0.006109 9.669608 -0.015718 0.004590 -0.003959
0.104659 0.010903 9.688482 -0.012526 0.000333 0.001362
0.159486 0.003719 9.676762 -0.012526 0.001397 -0.001830
0.128482 -0.022520 9.674293 -0.014654 0.002461 -0.002894
0.073539 -0.034436 9.643247 -0.015718 0.001397 0.002427
0.169040 0.039515 9.686297 -0.011461 0.001397 -0.000766
0.199910 -0.001076 9.634117 -0.012526 0.003525 0.000298
0.102337 0.044319 9.714612 -0.012526 -0.000732 -0.000766
0.109356 0.039535 9.667119 -0.014654 0.002461 0.000298
0.121387 0.018057 9.700410 -0.013590 0.003525 -0.001830
0.159545 -0.024916 9.693387 -0.012526 0.003525 0.003491
0.106975 0.010898 9.664733 -0.012526 0.000333 -0.000766
0.147609 -0.032072 9.688601 -0.012526 0.003525 0.001362
0.111657 0.022824 9.636241 -0.012526 0.001397 -0.003959
0.116504 0.022826 9.662387 -0.015718 -0.000732 0.001362
0.126283 0.051474 9.747942 -0.013590 0.000333 0.001362
0.154738 0.068160 9.693388 -0.013590 -0.000732 0.001362
0.152322 -0.046396 9.667231 -0.011461 0.001397 0.000298
0.092740 -0.005798 9.688445 -0.012526 0.004590 -0.001830
0.147580 -0.029687 9.679098 -0.013590 -0.000732 0.000298
0.128660 0.018061 9.740817 -0.014654 0.001397 0.002427
0.142647 0.032357 9.631581 -0.014654 -0.000732 0.000298
0.118929 0.044307 9.679027 -0.014654 0.000333 0.002427
0.171163 -0.051190 9.584136 -0.013590 0.004590 0.004555
0.173967 -0.008210 9.733818 -0.012526 0.001397 0.000298
0.166675 0.039517 9.693419 -0.013590 0.001397 0.000298
0.147628 0.058619 9.707620 -0.011461 0.004590 -0.001830
0.161880 -0.001054 9.679145 -0.014654 0.002461 0.001362
0.147485 0.001334 9.650595 -0.013590 0.001397 0.001362
0.176028 0.025184 9.626925 -0.013590 0.002461 0.002427
0.161897 0.025199 9.688651 -0.013590 0.003525 -0.000766
0.183161 0.010860 9.617441 -0.013590 -0.000732 0.001362
0.180828 0.001318 9.634062 -0.011461 0.000333 -0.000766
0.128488 -0.001041 9.679048 -0.014654 -0.000732 0.000298
0.133270 -0.032067 9.679056 -0.014654 0.001397 -0.002894
0.094981 -0.027286 9.636185 -0.011461 -0.000732 0.004555
0.145056 0.022811 9.638713 -0.014654 0.002461 0.002427
0.121304 -0.001040 9.669524 -0.012526 0.001397 -0.000766
0.116481 0.010892 9.652883 -0.013590 0.004590 0.000298
0.130805 -0.022525 9.652919 -0.010397 0.004590 0.001362
0.126085 -0.027293 9.669534 -0.012526 0.002461 0.000298
0.123708 0.006120 9.676659 -0.013590 -0.002860 0.000298
0.152419 0.025206 9.710004 -0.014654 -0.000732 0.000298
0.157036 0.044288 9.660132 -0.013590 0.001397 -0.001830
0.137914 0.008495 9.641067 -0.013590 0.003525 0.000298
0.145063 -0.046399 9.631576 -0.014654 0.000333 -0.000766
0.204611 -0.034494 9.605618 -0.014654 0.001397 0.000298
0.150022 0.020433 9.705245 -0.014654 -0.000732 0.002427
0.094833 -0.020134 9.586296 -0.012526 0.002461 -0.000766
0.125963 0.037137 9.636285 -0.014654 0.004590 -0.000766
0.145060 -0.020147 9.633955 -0.011461 0.003525 0.001362
0.106908 -0.065476 9.631462 -0.013590 0.002461 0.000298
0.159770 -0.015358 9.771786 -0.012526 0.002461 -0.002894
0.140287 -0.015372 9.633942 -0.013590 0.002461 -0.000766
0.126118 0.046692 9.690927 -0.011461 -0.002860 -0.002894
0.147487 0.013266 9.652972 -0.014654 0.002461 0.001362
0.118838 0.010890 9.643386 -0.011461 0.000333 0.001362
0.135500 -0.024917 9.626800 -0.011461 -0.000732 0.001362
0.109417 -0.010579 9.681365 -0.012526 -0.000732 0.000298
0.149949 0.029976 9.681489 -0.015718 0.004590 -0.001830
0.107249 -0.015339 9.755004 -0.012526 0.004590 -0.001830
0.123473 0.003721 9.595885 -0.009333 0.003525 -0.001830
0.168688 0.001311 9.560382 -0.014654 0.000333 0.002427
0.140566 -0.053542 9.724211 -0.012526 -0.000732 0.002427
0.071336 -0.022492 9.707385 -0.015718 -0.000732 -0.000766
0.180979 0.022805 9.688706 -0.013590 0.001397 -0.000766
0.147513 -0.001051 9.660097 -0.013590 0.000333 0.000298
0.171570 -0.012983 9.729059 -0.012526 0.001397 0.000298
0.173900 0.056224 9.719573 -0.012526 0.002461 0.001362
0.078362 0.058641 9.674160 -0.014654 0.001397 0.001362
0.154405 0.034730 9.574599 -0.013590 0.003525 -0.000766
0.154647 -0.051173 9.645857 -0.011461 0.002461 -0.000766
0.157083 -0.022533 9.667249 -0.014654 -0.002860 0.000298
0.135479 0.027586 9.626807 -0.013590 -0.002860 -0.001830
0.166636 0.015649 9.676785 -0.010397 -0.000732 0.002427
0.104608 0.018060 9.671853 -0.013590 0.001397 -0.002894
0.152183 0.008487 9.626853 -0.013590 0.003525 -0.001830
0.130605 -0.005830 9.586402 -0.013590 0.001397 -0.001830
0.183132 -0.003461 9.605560 -0.012526 0.002461 -0.000766
0.114109 0.013280 9.657627 -0.010397 0.002461 0.002427
0.145097 0.008494 9.650589 -0.011461 0.000333 0.000298
0.133208 0.020434 9.664810 -0.015718 0.004590 -0.000766
0.137861 0.001333 9.622059 -0.010397 0.002461 -0.000766
0.152191 0.022807 9.631607 -0.013590 0.000333 0.002427
0.128428 0.008502 9.660043 -0.013590 0.000333 0.000298
0.166532 0.018030 9.641150 -0.013590 -0.000732 0.004555
0.145118 0.006109 9.657716 -0.012526 0.003525 0.001362
0.126235 -0.020125 9.721799 -0.010397 -0.001796 0.001362
0.149856 -0.015374 9.643472 -0.014654 0.000333 -0.000766
0.140429 -0.005818 9.683832 -0.013590 0.004590 0.003491
0.149675 -0.032090 9.579326 -0.011461 0.001397 0.000298
0.123616 0.010888 9.645776 -0.013590 0.004590 0.002427
0.161617 0.032344 9.593625 -0.011461 0.003525 -0.000766
0.131035 -0.008193 9.733693 -0.011461 0.000333 0.002427
0.102398 0.013297 9.731237 -0.013590 -0.001796 0.000298
0.145124 -0.024916 9.655335 -0.014654 0.000333 -0.001830
0.190421 0.008476 9.653096 -0.012526 0.000333 0.002427
0.114148 0.018056 9.671881 -0.012526 -0.002860 0.000298
0.123716 0.089650 9.690926 -0.013590 -0.000732 -0.000766
0.123740 -0.022517 9.683782 -0.012526 0.000333 -0.001830
0.152374 -0.036847 9.686237 -0.014654 0.000333 -0.000766
0.142718 0.010882 9.652958 -0.013590 0.001397 0.000298
0.202489 0.034732 9.705400 -0.013590 0.002461 -0.000766
0.102028 0.001344 9.602950 -0.008269 -0.000732 0.000298
0.121102 -0.015370 9.598252 -0.012526 0.000333 -0.000766
0.125992 -0.020138 9.638650 -0.012526 0.000333 0.002427
0.154505 -0.024929 9.600722 -0.010397 -0.000732 -0.000766
0.161971 0.013270 9.712406 -0.014654 -0.001796 0.000298
0.147618 -0.003432 9.695732 -0.015718 -0.000732 0.001362
0.130927 -0.015358 9.695682 -0.013590 0.000333 0.000298
0.171499 -0.008213 9.705302 -0.012526 -0.000732 0.002427
0.169077 0.068156 9.702932 -0.013590 0.003525 0.001362
0.137976 0.044297 9.667203 -0.012526 0.004590 0.002427
0.157059 0.003718 9.662501 -0.013590 0.000333 0.001362
0.068504 -0.012969 9.555337 -0.013590 0.001397 0.001362
0.159516 -0.003439 9.686263 -0.013590 -0.001796 0.002427
0.099866 -0.036828 9.674208 -0.012526 0.002461 0.001362
0.199912 -0.022555 9.631739 -0.012526 0.004590 0.000298
0.138040 -0.032069 9.679070 -0.010397 0.002461 -0.002894
0.092643 -0.041602 9.650429 -0.013590 -0.000732 -0.002894
0.166820 0.006113 9.738550 -0.011461 -0.000732 0.000298
0.130827 -0.008204 9.662423 -0.011461 -0.000732 0.001362
0.095188 -0.005796 9.709832 -0.011461 0.000333 0.000298
0.173955 -0.010597 9.729066 -0.012526 -0.001796 -0.000766
0.111695 0.015666 9.648117 -0.013590 0.002461 0.002427
0.128103 0.044283 9.553144 -0.013590 -0.000732 0.001362
0.154426 -0.053572 9.569834 -0.012526 -0.001796 -0.001830
0.164376 -0.036847 9.712405 -0.012526 -0.000732 0.000298
0.097239 -0.036840 9.591052 -0.011461 -0.000732 0.003491
0.176038 -0.001068 9.626921 -0.014654 0.003525 0.000298
0.159700 0.022824 9.752786 -0.011461 0.002461 -0.000766
0.128773 -0.005799 9.776448 -0.014654 0.002461 0.002427
0.104592 -0.065471 9.655211 -0.011461 0.001397 0.003491
0.135599 -0.029685 9.660058 -0.012526 0.001397 -0.001830
0.092536 0.020443 9.621931 -0.014654 0.001397 0.000298
0.116302 0.061000 9.598250 -0.011461 0.002461 0.001362
0.130724 -0.027302 9.624410 -0.011461 -0.001796 0.001362
0.121451 -0.003418 9.719412 -0.014654 0.004590 -0.000766
0.118883 0.003733 9.657640 -0.013590 0.001397 0.001362
0.061567 0.010911 9.633718 -0.013590 0.001397 0.001362
0.094939 -0.024902 9.621930 -0.010397 0.001397 -0.000766
0.087780 -0.086950 9.612397 -0.012526 -0.001796 -0.000766
0.097565 0.030001 9.712222 -0.013590 0.003525 0.000298
0.123586 0.015660 9.636274 -0.014654 -0.000732 0.001362
0.157054 -0.053560 9.652989 -0.012526 0.000333 -0.000766
0.144765 -0.027322 9.531799 -0.011461 -0.000732 0.000298
0.159498 0.008493 9.681514 -0.012526 -0.000732 -0.002894
0.142871 0.025210 9.707601 -0.011461 -0.000732 -0.001830
0.159591 -0.034460 9.707640 -0.013590 0.003525 0.001362
0.144961 -0.051177 9.595939 -0.012526 0.001397 -0.000766
0.149805 -0.010604 9.626843 -0.011461 -0.000732 0.001362
0.197814 0.056218 9.741024 -0.013590 0.002461 0.001362
0.140234 -0.020148 9.614936 -0.013590 0.005654 0.000298
0.178309 0.008471 9.588918 -0.014654 0.003525 0.000298
0.137777 -0.012991 9.591173 -0.012526 0.003525 0.002427
0.106971 -0.012968 9.659978 -0.013590 0.001397 0.001362
0.192635 0.003693 9.593711 -0.011461 -0.000732 -0.001830
0.173595 0.039501 9.612667 -0.014654 0.002461 0.000298
0.128313 0.020429 9.622034 -0.014654 0.000333 -0.001830
0.109221 -0.005816 9.614848 -0.013590 0.002461 -0.001830
0.159255 0.060984 9.605501 -0.011461 0.001397 -0.000766
0.154709 0.037133 9.679130 -0.014654 0.004590 0.001362
0.073516 0.006134 9.640879 -0.011461 0.002461 -0.001830
0.150020 -0.027298 9.698111 -0.013590 0.002461 -0.000766
0.147512 0.001335 9.660097 -0.016783 -0.000732 -0.000766
0.128564 -0.020129 9.702801 -0.013590 -0.001796 0.002427
0.116540 0.018055 9.674265 -0.012526 -0.002860 0.002427
0.142580 0.008488 9.605444 -0.012526 0.003525 -0.001830
0.190587 -0.008221 9.707734 -0.013590 0.001397 0.000298
0.133364 -0.041609 9.709938 -0.011461 0.001397 0.000298
0.114206 -0.022513 9.686129 -0.014654 0.004590 0.001362
0.111537 -0.005821 9.591098 -0.014654 0.001397 0.001362
0.175976 -0.036870 9.600782 -0.010397 0.001397 0.003491
0.145013 0.027582 9.624459 -0.012526 0.000333 0.001362
0.171406 -0.001059 9.674421 -0.012526 0.002461 0.000298
0.152371 -0.010595 9.688618 -0.013590 -0.000732 -0.001830
0.157045 0.020423 9.660129 -0.012526 -0.001796 0.001362
0.126104 0.013280 9.681417 -0.013590 -0.000732 -0.002894
0.168839 0.039504 9.617404 -0.012526 0.005654 0.000298
0.166734 -0.003438 9.707665 -0.011461 0.001397 0.001362
0.064025 -0.032044 9.652723 -0.013590 0.001397 0.001362
0.121223 0.029981 9.645772 -0.011461 -0.001796 0.002427
0.161914 0.034746 9.695779 -0.010397 0.003525 0.001362
0.123824 0.008513 9.717046 -0.013590 0.001397 0.000298
0.171481 0.020424 9.702931 -0.012526 0.000333 0.000298
0.183515 -0.008213 9.736221 -0.014654 0.001397 -0.000766
0.171374 0.010872 9.664920 -0.013590 0.002461 -0.001830
0.145017 0.034742 9.626837 -0.015718 0.001397 -0.002894
0.123456 -0.005826 9.588757 -0.013590 0.001397 -0.000766
0.164281 0.027585 9.688659 -0.014654 0.003525 -0.001830
0.154820 0.020433 9.714761 -0.014654 0.001397 0.000298
0.149901 -0.008212 9.660103 -0.013590 0.002461 0.002427
0.142836 -0.008204 9.690966 -0.015718 -0.000732 -0.000766
0.176107 0.018028 9.653056 -0.012526 -0.000732 0.001362
0.092567 0.010898 9.631433 -0.013590 0.005654 0.002427
0.183203 0.010862 9.631696 -0.012526 -0.001796 -0.000766
0.128307 0.001336 9.617280 -0.015718 0.002461 -0.001830
0.109337 -0.034449 9.650478 -0.012526 0.001397 0.001362
0.161751 -0.027313 9.631627 -0.013590 0.000333 0.003491
0.130718 0.022815 9.629169 -0.013590 0.001397 0.000298
0.102223 0.034766 9.674226 -0.014654 0.004590 0.001362
0.145117 -0.008211 9.655338 -0.009333 -0.001796 0.000298
0.161638 -0.003454 9.595995 -0.014654 -0.000732 0.000298
0.145178 0.013272 9.679098 -0.015718 0.002461 0.001362
0.128371 -0.039232 9.633904 -0.014654 0.003525 0.001362
0.133048 0.003719 9.607792 -0.014654 0.003525 0.000298
0.176078 0.003707 9.641176 -0.013590 0.003525 -0.000766
0.162048 0.010888 9.738538 -0.011461 0.002461 0.000298
0.176247 -0.003443 9.698191 -0.014654 0.003525 0.001362
0.195044 0.032332 9.605600 -0.013590 0.000333 -0.002894
0.161706 -0.034475 9.614996 -0.015718 -0.000732 -0.000766
0.188104 0.029960 9.679226 -0.014654 0.001397 0.002427
0.185459 0.039493 9.591320 -0.012526 0.003525 0.001362
0.128450 0.022823 9.669549 -0.014654 0.000333 -0.000766
0.114202 0.022832 9.690887 -0.012526 0.003525 0.001362
0.123594 0.029980 9.641027 -0.011461 0.000333 0.000298
0.125998 -0.017752 9.641027 -0.012526 -0.000732 0.001362
0.175972 0.025181 9.607920 -0.013590 0.003525 -0.001830
0.171238 0.003705 9.617405 -0.016783 0.000333 0.000298
0.121540 -0.001027 9.750297 -0.012526 0.003525 0.000298
0.099887 -0.001028 9.686090 -0.013590 0.000333 -0.000766
0.104577 -0.079791 9.648081 -0.012526 -0.000732 0.001362
0.142936 0.001347 9.726603 -0.012526 0.003525 0.001362
0.106926 0.046694 9.652860 -0.013590 -0.002860 0.002427
0.080521 0.018056 9.591012 -0.014654 0.001397 0.001362
0.159317 -0.008222 9.617369 -0.015718 -0.000732 -0.000766
0.097447 0.032381 9.671835 -0.011461 0.001397 0.001362
0.180766 0.001314 9.612681 -0.011461 0.000333 0.000298
0.173870 0.027583 9.705316 -0.012526 0.001397 0.003491
0.149966 -0.012982 9.681482 -0.014654 0.001397 -0.000766
0.128303 0.044294 9.622038 -0.014654 0.001397 0.000298
0.152547 -0.072636 9.740872 -0.013590 0.001397 0.001362
0.106983 0.008512 9.667108 -0.013590 0.001397 0.001362
0.123610 0.025207 9.645779 -0.013590 -0.000732 0.000298
0.142980 -0.005810 9.740855 -0.012526 0.000333 0.002427
0.104337 -0.015367 9.574446 -0.010397 -0.000732 0.000298
0.102189 -0.001034 9.657590 -0.014654 0.001397 -0.000766
0.214090 -0.001089 9.589020 -0.013590 0.001397 0.001362
0.171220 -0.055960 9.603143 -0.013590 0.000333 0.002427
0.121389 -0.022514 9.695653 -0.012526 -0.001796 0.000298
0.166730 -0.027304 9.702910 -0.012526 0.001397 -0.000766
0.106812 -0.015363 9.605336 -0.013590 0.002461 0.001362
0.126067 -0.015361 9.664783 -0.012526 0.000333 -0.000766
0.185868 0.003717 9.726727 -0.012526 0.003525 0.002427
0.145082 -0.005826 9.643459 -0.016783 0.003525 0.003491
0.159188 -0.013003 9.572229 -0.012526 0.002461 0.002427
0.145148 -0.015369 9.664839 -0.014654 0.003525 0.000298
0.087833 0.025222 9.645675 -0.011461 0.001397 -0.000766
0.157237 -0.044003 9.717134 -0.014654 0.000333 0.002427
0.166638 -0.041628 9.669649 -0.012526 0.002461 0.002427
0.083075 -0.005801 9.645656 -0.010397 0.001397 0.001362
0.133249 0.020436 9.679065 -0.014654 0.004590 -0.001830
0.159510 0.013267 9.686266 -0.015718 0.000333 0.002427
0.149937 -0.027303 9.669603 -0.013590 0.004590 0.000298
0.104582 -0.003421 9.659972 -0.013590 0.000333 0.003491
0.116634 -0.024898 9.700390 -0.013590 0.001397 -0.002894
0.171268 -0.036865 9.622150 -0.012526 0.003525 0.000298
0.166441 0.020412 9.610267 -0.013590 0.001397 -0.000766
0.171318 0.029962 9.648293 -0.015718 0.001397 -0.000766
0.145040 -0.005828 9.629206 -0.011461 0.004590 -0.000766
0.159496 -0.005826 9.679137 -0.015718 0.002461 0.001362
0.199871 -0.005852 9.619863 -0.014654 0.002461 -0.000766
0.106790 -0.029684 9.595832 -0.011461 -0.000732 0.000298
0.173884 -0.024920 9.702931 -0.010397 0.001397 0.001362
0.111685 -0.010586 9.640986 -0.011461 0.000333 0.001362
0.169152 -0.017757 9.717174 -0.012526 0.003525 -0.000766
0.195161 0.032339 9.645988 -0.013590 -0.002860 -0.001830
0.121229 -0.036842 9.638634 -0.015718 0.000333 -0.000766
0.154721 0.006108 9.679125 -0.009333 0.001397 -0.000766
0.121057 -0.005826 9.583998 -0.012526 0.000333 -0.002894
0.097446 0.034768 9.671835 -0.012526 0.002461 0.003491
0.190287 0.032335 9.610337 -0.015718 0.000333 -0.002894
0.114156 -0.017742 9.669501 -0.015718 -0.000732 0.001362
0.147576 -0.001048 9.681478 -0.013590 0.000333 -0.000766
0.109176 -0.012979 9.598218 -0.011461 0.001397 -0.002894
0.152318 -0.017757 9.669612 -0.011461 0.005654 -0.001830
0.137840 -0.032080 9.610175 -0.013590 0.000333 0.002427
0.118789 -0.022525 9.622000 -0.013590 -0.000732 0.000298
0.197535 0.027564 9.641242 -0.014654 0.002461 0.001362
0.132979 -0.032083 9.579277 -0.012526 0.000333 0.001362
0.138087 0.008505 9.700458 -0.012526 0.002461 -0.000766
0.161722 0.029963 9.629260 -0.015718 -0.000732 -0.000766
0.149932 0.020428 9.674362 -0.014654 0.002461 0.001362
0.135650 -0.017749 9.679066 -0.014654 -0.000732 0.000298
0.137992 0.003726 9.667197 -0.012526 -0.001796 0.001362
0.126072 -0.029680 9.664782 -0.010397 0.002461 -0.000766
0.137819 0.020423 9.610184 -0.013590 0.000333 0.000298
0.137848 -0.001054 9.617308 -0.013590 -0.001796 0.000298
0.130945 0.027601 9.707566 -0.013590 0.000333 0.001362
0.147546 -0.012983 9.669599 -0.012526 0.001397 0.001362
0.154538 -0.036860 9.610223 -0.015718 -0.000732 0.003491
0.185546 0.029952 9.619826 -0.013590 -0.001796 -0.000766
0.171244 0.025185 9.622160 -0.014654 0.001397 -0.002894
0.135665 0.013277 9.688573 -0.014654 -0.001796 0.001362
0.126078 -0.008201 9.669537 -0.013590 0.003525 -0.005023
0.121203 0.010888 9.636267 -0.013590 0.003525 0.000298
0.149868 0.022812 9.652981 -0.012526 0.000333 -0.002894
0.140495 0.053850 9.714725 -0.014654 0.001397 0.000298
0.123766 0.015670 9.698041 -0.015718 0.001397 -0.000766
0.190329 -0.020167 9.617457 -0.012526 0.002461 -0.001830
0.130725 -0.048781 9.622030 -0.015718 0.001397 0.000298
0.114211 -0.053538 9.683749 -0.014654 0.002461 0.001362
0.188057 0.008479 9.660216 -0.010397 0.003525 0.003491
0.123597 0.006114 9.638648 -0.014654 0.003525 -0.000766
0.154521 0.039509 9.614986 -0.011461 0.003525 0.001362
0.109321 -0.048769 9.643349 -0.014654 0.000333 0.000298
0.104491 0.032373 9.633845 -0.015718 0.003525 -0.000766
0.109232 0.020436 9.621979 -0.011461 0.002461 -0.000766
0.178554 0.037123 9.676823 -0.012526 0.002461 0.001362
0.123497 0.029974 9.607768 -0.013590 0.002461 -0.000766
0.156927 0.003711 9.617364 -0.015718 0.002461 0.001362
0.183191 -0.029710 9.622186 -0.011461 0.001397 0.001362
0.152007 -0.001068 9.565084 -0.011461 0.001397 -0.000766
0.078526 -0.005787 9.721663 -0.011461 0.003525 0.000298
0.154472 0.022801 9.595979 -0.016783 0.003525 -0.000766
0.178503 -0.010611 9.653059 -0.012526 -0.001796 -0.000766
0.087872 0.029997 9.659929 -0.015718 0.001397 -0.000766
0.082870 0.020440 9.579140 -0.010397 0.000333 -0.000766
0.183229 -0.020161 9.636442 -0.011461 0.000333 0.000298
0.200063 -0.001068 9.686381 -0.014654 0.000333 0.000298
0.087923 0.041932 9.678937 -0.010397 0.000333 0.001362
0.138062 0.034756 9.695710 -0.013590 0.000333 -0.003959
0.195017 0.065743 9.600854 -0.014654 -0.000732 0.001362
0.130958 -0.005810 9.707561 -0.012526 0.002461 0.000298
0.178598 0.013260 9.688698 -0.016783 0.000333 0.002427
0.104511 0.018054 9.638594 -0.012526 0.000333 0.002427
0.185906 -0.005827 9.738604 -0.014654 0.006718 -0.000766
0.147572 -0.027300 9.676723 -0.012526 0.001397 0.000298
0.154719 0.029974 9.681503 -0.013590 0.003525 0.000298
0.104625 -0.008192 9.674226 -0.014654 -0.000732 -0.000766
0.130769 0.034751 9.648175 -0.011461 -0.000732 -0.001830
0.135791 0.010897 9.731335 -0.014654 -0.002860 -0.002894
0.173789 -0.029698 9.669672 -0.014654 0.000333 0.000298
0.145227 0.010888 9.695727 -0.011461 0.000333 -0.000766
0.092635 -0.036829 9.648053 -0.012526 -0.000732 -0.002894
0.123826 0.022833 9.719422 -0.013590 0.001397 -0.000766
0.128382 0.003726 9.643413 -0.012526 0.000333 -0.000766
0.138089 0.020438 9.702835 -0.010397 -0.002860 0.001362
0.147554 0.037136 9.679109 -0.013590 0.001397 0.000298
0.092722 -0.029665 9.678939 -0.012526 0.004590 0.000298
0.113939 -0.012981 9.595855 -0.013590 -0.000732 -0.000766
0.145279 0.003731 9.712357 -0.012526 0.000333 -0.002894
0.161702 0.044281 9.624511 -0.009333 0.002461 -0.000766
0.126209 0.027605 9.719430 -0.013590 0.004590 -0.000766
0.149811 -0.060721 9.622084 -0.015718 0.004590 0.000298
0.128355 0.053843 9.641046 -0.013590 -0.001796 -0.001830
0.130721 0.049068 9.633924 -0.011461 0.002461 -0.000766
0.101995 -0.020137 9.588692 -0.013590 -0.000732 -0.000766
0.171223 -0.010615 9.610275 -0.011461 0.002461 0.001362
0.149598 -0.029707 9.553195 -0.014654 0.000333 0.000298
0.121144 0.001338 9.614884 -0.011461 0.000333 -0.002894
0.106876 0.034758 9.633852 -0.016783 -0.001796 -0.002894
0.095140 0.027614 9.697960 -0.014654 -0.000732 -0.001830
0.166545 -0.015381 9.641146 -0.013590 0.000333 0.001362
0.118946 0.018055 9.681397 -0.011461 0.001397 0.000298
0.102295 0.027611 9.697981 -0.012526 0.001397 0.000298
0.138075 0.037143 9.700461 -0.015718 -0.002860 0.000298
0.137884 -0.022532 9.626806 -0.013590 0.002461 0.001362
0.152292 -0.022532 9.660108 -0.015718 0.004590 -0.000766
0.137762 0.058605 9.595936 -0.009333 0.001397 0.000298
0.157329 0.003733 9.755153 -0.010397 0.005654 0.000298
0.116343 0.044297 9.610125 -0.013590 0.002461 0.000298
0.109628 -0.017727 9.752634 -0.015718 0.004590 -0.001830
0.118897 -0.048771 9.655255 -0.011461 0.000333 -0.001830
0.114293 0.020450 9.721771 -0.014654 0.000333 0.002427
0.190545 -0.005836 9.693480 -0.013590 0.001397 0.002427
0.161890 -0.044012 9.676761 -0.014654 0.002461 0.001362
0.164148 -0.020154 9.636387 -0.008269 -0.000732 -0.001830
0.114256 0.008515 9.707515 -0.013590 0.003525 0.002427
0.104331 -0.001048 9.574448 -0.011461 -0.000732 -0.000766
0.092745 -0.001025 9.690822 -0.010397 0.000333 0.000298
0.140355 0.006111 9.660077 -0.015718 0.001397 0.001362
0.125960 0.044297 9.636286 -0.012526 0.001397 0.000298
0.114055 0.008504 9.638620 -0.010397 0.003525 -0.000766
0.111629 0.008503 9.624360 -0.012526 -0.000732 0.000298
0.128358 0.082482 9.645802 -0.011461 -0.000732 0.000298
0.073367 0.032378 9.593369 -0.014654 -0.001796 0.000298
0.138085 0.049076 9.705215 -0.012526 0.001397 -0.001830
0.116478 0.034758 9.655261 -0.012526 0.001397 -0.000766
0.154727 -0.008211 9.679123 -0.011461 0.001397 -0.003959
0.130908 -0.020132 9.688554 -0.012526 0.001397 0.003491
0.121006 0.034743 9.572126 -0.014654 0.006718 0.000298
0.107102 -0.029667 9.702737 -0.014654 0.002461 -0.001830
0.185771 -0.015381 9.691090 -0.014654 0.004590 0.002427
0.109192 -0.001045 9.605346 -0.012526 -0.001796 0.000298
0.085286 0.029987 9.591027 -0.011461 0.000333 0.001362
0.097671 0.044326 9.750235 -0.013590 0.003525 0.000298
0.130804 0.068165 9.664811 -0.012526 0.000333 0.000298
0.147530 -0.008210 9.664847 -0.011461 0.000333 0.000298
0.154519 0.063375 9.617366 -0.012526 0.001397 -0.001830
0.216482 0.032322 9.596160 -0.010397 0.003525 0.003491
0.121247 0.020436 9.652898 -0.012526 -0.000732 -0.000766
0.190423 0.003703 9.653096 -0.014654 0.002461 -0.000766
0.128372 0.046684 9.645796 -0.012526 0.003525 0.001362
0.123411 0.108726 9.588775 -0.013590 0.000333 0.000298
0.104569 0.027604 9.659977 -0.011461 0.002461 -0.001830
0.164082 -0.010611 9.615006 -0.012526 0.000333 -0.002894
0.099749 0.032376 9.643333 -0.014654 -0.000732 0.003491
0.130833 0.010889 9.667177 -0.014654 0.002461 0.002427
0.164175 0.015646 9.650646 -0.011461 -0.000732 -0.005023
0.097475 -0.003415 9.676580 -0.012526 0.002461 0.002427
0.135697 0.020438 9.700452 -0.014654 0.000333 0.001362
0.147588 0.003726 9.686230 -0.013590 0.001397 0.002427
0.116553 0.020442 9.679016 -0.013590 0.000333 0.004555
0.159346 0.041897 9.634006 -0.010397 0.000333 0.001362
0.099936 -0.020118 9.700342 -0.015718 0.000333 0.000298
0.230875 0.001296 9.619954 -0.011461 0.003525 -0.000766
0.130766 0.006112 9.643419 -0.014654 0.004590 0.000298
0.145114 0.051453 9.662474 -0.014654 0.000333 -0.000766
0.135706 -0.020133 9.698071 -0.015718 0.000333 0.002427
0.138119 -0.020132 9.707580 -0.009333 0.002461 0.002427
0.207171 -0.003460 9.669773 -0.013590 0.002461 0.001362
0.119022 0.020446 9.707530 -0.014654 0.001397 -0.001830
0.097299 0.003735 9.617190 -0.012526 0.000333 0.001362
0.173634 -0.005841 9.619786 -0.014654 -0.000732 0.001362
0.090479 -0.039202 9.726443 -0.013590 -0.000732 -0.000766
0.130685 -0.017758 9.612533 -0.015718 -0.000732 -0.000766
0.157229 0.010887 9.721894 -0.011461 -0.000732 0.001362
0.116489 -0.010586 9.652879 -0.012526 0.002461 0.002427
0.199977 -0.013006 9.655497 -0.014654 0.000333 -0.000766
0.163964 0.075299 9.586512 -0.012526 -0.000732 0.000298
0.164271 0.034744 9.686283 -0.014654 0.003525 -0.000766
0.092931 -0.015334 9.752586 -0.014654 -0.001796 -0.000766
0.180830 -0.020161 9.631684 -0.012526 -0.000732 0.000298
0.106979 -0.017741 9.662353 -0.012526 -0.000732 0.000298
0.123738 -0.017744 9.683783 -0.013590 0.002461 -0.000766
0.176167 0.039511 9.676816 -0.014654 0.001397 0.001362
0.223567 -0.067920 9.558154 -0.013590 0.001397 0.001362
0.161721 0.015643 9.626882 -0.014654 0.002461 0.000298
0.152354 -0.020142 9.681488 -0.014654 0.001397 0.002427
0.169071 0.029970 9.695799 -0.011461 0.002461 0.000298
0.085647 0.010914 9.712184 -0.012526 0.001397 0.001362
0.092539 -0.005809 9.619551 -0.013590 0.002461 0.000298
0.187844 0.039492 9.591327 -0.011461 -0.000732 0.003491
0.168988 -0.039245 9.657778 -0.014654 0.004590 0.001362
0.099668 -0.043998 9.605311 -0.014654 0.001397 0.000298
0.164202 -0.017764 9.655392 -0.013590 0.000333 -0.000766
0.135659 -0.058320 9.676682 -0.013590 0.000333 -0.000766
0.118905 0.001347 9.664765 -0.013590 0.004590 0.001362
0.142753 -0.008209 9.662457 -0.014654 -0.001796 0.000298
0.118893 -0.022519 9.657635 -0.012526 0.001397 0.001362
0.097466 0.018063 9.676584 -0.014654 0.002461 0.000298
0.188026 0.015637 9.650715 -0.015718 0.000333 0.000298
0.097547 -0.027277 9.697958 -0.011461 0.003525 0.000298
0.114017 0.070553 9.633879 -0.012526 0.001397 -0.000766
0.133285 0.034757 9.693320 -0.009333 0.001397 0.000298
0.173672 0.003707 9.634042 -0.011461 0.002461 0.001362
0.214176 -0.010631 9.617528 -0.011461 -0.002860 0.000298
0.185659 -0.010614 9.653080 -0.011461 0.001397 -0.001830
0.169012 -0.012991 9.669661 -0.014654 0.000333 0.001362
0.183202 -0.039255 9.624560 -0.010397 0.000333 -0.001830
0.116416 0.034754 9.633880 -0.013590 0.004590 -0.001830
0.171385 0.018033 9.669673 -0.013590 0.003525 -0.000766
0.102180 -0.012967 9.652837 -0.015718 0.005654 -0.000766
0.161768 -0.015380 9.638755 -0.014654 -0.001796 0.004555
0.190476 -0.008227 9.669724 -0.013590 -0.000732 -0.001830
0.171220 0.068142 9.619791 -0.013590 -0.000732 0.001362
0.121256 -0.001042 9.652894 -0.012526 -0.001796 -0.000766
0.100019 0.015685 9.733607 -0.014654 -0.000732 0.001362
0.104418 0.008503 9.605333 -0.012526 0.003525 0.000298
0.145021 0.041902 9.629213 -0.013590 0.002461 -0.000766
0.159338 -0.024927 9.622117 -0.012526 -0.003924 0.001362
0.137927 -0.008210 9.643438 -0.012526 0.001397 0.002427
0.166618 -0.008217 9.667278 -0.011461 0.000333 0.000298
0.126101 -0.015359 9.676661 -0.014654 0.000333 -0.000766
0.128577 0.018056 9.712310 -0.013590 0.001397 0.001362
0.147498 0.003721 9.655347 -0.013590 0.002461 -0.000766
0.140237 -0.027307 9.614935 -0.014654 0.000333 0.001362
0.149914 -0.005825 9.664854 -0.013590 0.001397 0.000298
0.121302 -0.012972 9.667146 -0.011461 -0.000732 0.001362
0.116403 0.015661 9.626750 -0.015718 0.002461 -0.001830
0.176232 0.034741 9.698196 -0.015718 0.000333 0.000298
0.161757 -0.024926 9.634003 -0.014654 0.001397 0.000298
0.126073 -0.012974 9.667160 -0.014654 -0.000732 0.001362
0.142820 0.032366 9.690972 -0.011461 0.000333 0.000298
0.166647 -0.029695 9.674402 -0.011461 0.005654 0.003491
0.080538 0.010897 9.595762 -0.015718 0.003525 -0.001830
0.173578 -0.003458 9.600781 -0.012526 0.000333 0.000298
0.135384 0.022808 9.593548 -0.012526 0.003525 0.000298
0.178603 0.087244 9.700587 -0.012526 0.000333 -0.001830
0.149826 0.058608 9.643483 -0.011461 0.001397 0.001362
0.159494 0.053838 9.686272 -0.013590 0.004590 0.002427
0.154746 -0.039235 9.681492 -0.014654 0.001397 0.000298
0.149972 -0.010595 9.683860 -0.010397 0.002461 0.001362
0.147451 0.015651 9.641095 -0.016783 0.001397 -0.000766
0.202234 -0.020173 9.610364 -0.013590 0.000333 0.000298
0.147573 -0.012981 9.679101 -0.011461 -0.000732 0.000298
0.152099 -0.008223 9.595966 -0.011461 0.002461 0.000298
0.121227 -0.032069 9.638635 -0.014654 0.001397 0.000298
0.137780 0.013261 9.595928 -0.013590 0.000333 0.000298
0.173839 -0.015376 9.688680 -0.013590 0.001397 0.002427
0.118820 -0.029683 9.631502 -0.013590 0.001397 -0.002894
0.104547 0.032376 9.652851 -0.013590 0.004590 0.000298
0.142709 0.032360 9.652962 -0.012526 0.001397 -0.000766
0.197647 0.022797 9.679252 -0.012526 -0.000732 0.001362
0.202247 0.015626 9.619873 -0.013590 0.000333 -0.000766
0.123612 0.037140 9.648155 -0.010397 0.003525 0.000298
0.118905 0.018053 9.667144 -0.013590 0.001397 0.002427
0.106893 -0.027292 9.631468 -0.012526 0.002461 -0.000766
0.142779 0.029978 9.676718 -0.012526 -0.000732 0.003491
0.185917 -0.051171 9.736221 -0.012526 0.001397 0.001362
0.159440 -0.039241 9.655375 -0.013590 0.001397 0.001362
0.094996 -0.012966 9.643312 -0.012526 0.001397 -0.003959
0.161563 0.010862 9.572241 -0.015718 0.000333 -0.001830
0.109269 0.013279 9.633856 -0.014654 0.001397 0.002427
0.109409 -0.008193 9.678991 -0.011461 -0.000732 -0.000766
0.204726 -0.010622 9.648383 -0.015718 0.003525 -0.000766
0.135518 -0.017756 9.633927 -0.011461 0.000333 0.003491
0.147540 0.001337 9.669600 -0.013590 0.001397 0.001362
0.185866 -0.010602 9.724349 -0.013590 0.001397 0.000298
0.149846 0.027583 9.645855 -0.011461 0.001397 0.000298
0.156909 0.049055 9.617371 -0.012526 -0.000732 0.001362
0.149760 0.068150 9.622105 -0.013590 0.001397 -0.000766
0.123841 0.018060 9.724174 -0.015718 0.002461 -0.000766
0.171373 0.013259 9.664920 -0.013590 0.000333 -0.003959
0.169087 0.041904 9.702928 -0.012526 0.000333 -0.000766
0.142682 0.013267 9.641081 -0.015718 0.001397 -0.001830
0.169113 -0.041624 9.700540 -0.010397 0.001397 0.001362
0.173938 -0.003438 9.724316 -0.012526 0.002461 0.002427
0.140481 -0.048773 9.695704 -0.013590 0.001397 0.001362
0.135601 0.053845 9.671949 -0.011461 0.001397 0.001362
0.161752 0.022805 9.638762 -0.013590 -0.000732 0.000298
0.102289 0.041930 9.697983 -0.013590 0.000333 0.001362
0.097296 0.046693 9.621948 -0.012526 0.002461 -0.003959
0.152175 -0.058337 9.614964 -0.012526 0.000333 0.002427
0.135708 -0.008200 9.700448 -0.011461 0.004590 -0.001830
0.092418 0.020436 9.581545 -0.015718 -0.000732 -0.001830
0.116374 0.001340 9.614870 -0.011461 0.001397 0.002427
0.130887 0.051463 9.690941 -0.013590 -0.000732 0.001362
0.116505 0.003734 9.660007 -0.013590 -0.000732 0.003491
0.121474 0.044314 9.733674 -0.013590 0.004590 0.002427
0.135567 0.015658 9.655313 -0.012526 0.000333 0.000298
0.171160 -0.008232 9.588894 -0.013590 0.003525 -0.002894
0.135594 0.053845 9.669575 -0.013590 0.000333 -0.001830
0.087754 -0.003421 9.614786 -0.011461 -0.000732 0.002427
0.202352 0.029951 9.657886 -0.014654 -0.000732 -0.000766
0.195414 -0.010606 9.726753 -0.014654 -0.000732 0.002427
0.202355 0.022792 9.657885 -0.014654 0.001397 -0.000766
0.173884 -0.060719 9.698174 -0.012526 0.001397 0.000298
0.142675 0.013266 9.638704 -0.014654 0.001397 -0.000766
0.214501 -0.008227 9.729184 -0.012526 0.000333 -0.000766
0.094962 0.003738 9.633813 -0.011461 0.000333 -0.000766
0.135664 -0.001043 9.686194 -0.012526 -0.001796 -0.000766
0.066530 0.032399 9.702629 -0.013590 0.003525 -0.002894
0.190336 -0.020167 9.619833 -0.011461 0.001397 0.001362
0.116677 -0.010576 9.717022 -0.013590 -0.000732 0.000298
0.202729 0.022812 9.786170 -0.014654 0.000333 0.001362
0.159425 0.034741 9.660137 -0.013590 0.001397 0.001362
0.099817 -0.034444 9.657578 -0.017847 0.002461 0.001362
0.202331 -0.039260 9.641246 -0.011461 -0.001796 0.000298
0.168835 -0.003454 9.610270 -0.013590 -0.001796 0.000298
0.152378 0.006111 9.693372 -0.014654 -0.000732 0.001362
0.176339 -0.027304 9.726695 -0.012526 0.000333 0.003491
0.183227 0.018023 9.641199 -0.012526 0.003525 0.001362
0.104648 0.003742 9.683730 -0.011461 0.003525 -0.000766
0.152173 0.032353 9.626857 -0.014654 0.002461 -0.002894
0.106836 -0.005816 9.614841 -0.009333 0.003525 0.001362
0.109450 -0.022510 9.690866 -0.015718 0.001397 0.000298
0.144982 -0.017764 9.607823 -0.013590 0.000333 -0.002894
0.199849 0.032332 9.617493 -0.014654 0.002461 -0.001830
0.126034 0.013276 9.657661 -0.012526 0.005654 -0.000766
0.111882 -0.001029 9.709882 -0.012526 0.003525 0.002427
0.159499 0.022813 9.683892 -0.013590 0.001397 0.000298
0.104610 0.013287 9.671853 -0.010397 0.003525 0.002427
0.104402 0.013275 9.600583 -0.011461 0.001397 0.002427
0.099776 0.015672 9.650459 -0.014654 0.002461 0.002427
0.228763 0.010858 9.714974 -0.013590 0.001397 -0.000766
0.156978 -0.001059 9.633992 -0.012526 0.003525 -0.000766
0.145152 -0.044007 9.662459 -0.014654 0.004590 0.003491
0.128392 0.013273 9.648165 -0.015718 0.001397 -0.002894
0.071184 0.010911 9.659878 -0.012526 -0.000732 0.001362
0.135567 -0.001048 9.652936 -0.012526 0.002461 -0.000766
0.183292 -0.005839 9.660200 -0.013590 0.002461 0.001362
0.145048 -0.024921 9.629203 -0.014654 0.003525 0.001362
0.169007 -0.001058 9.669662 -0.012526 0.001397 0.002427
0.145027 0.010877 9.626833 -0.013590 0.002461 0.000298
0.102184 -0.041606 9.650456 -0.011461 0.001397 -0.000766
0.161727 -0.034474 9.622123 -0.014654 0.000333 0.000298
0.152283 0.001333 9.660111 -0.010397 -0.000732 0.000298
0.142761 0.006111 9.667212 -0.012526 0.001397 0.000298
0.190339 0.006085 9.624588 -0.011461 0.003525 -0.002894
0.133282 -0.008201 9.686186 -0.012526 0.001397 0.000298
0.102064 0.034758 9.619585 -0.016783 -0.000732 -0.000766
0.097248 0.061009 9.607697 -0.013590 0.001397 -0.001830
0.126202 -0.008194 9.712298 -0.012526 0.002461 0.000298
0.223838 -0.001082 9.660318 -0.014654 0.002461 -0.000766
0.144972 0.025193 9.610205 -0.011461 0.002461 0.002427
0.028192 0.039564 9.643127 -0.013590 0.001397 -0.000766
0.171264 0.060984 9.634044 -0.011461 -0.000732 -0.000766
0.173755 0.003712 9.662550 -0.014654 0.001397 -0.001830
0.140345 0.013270 9.657703 -0.011461 0.001397 0.000298
0.140402 -0.008206 9.674330 -0.012526 0.002461 0.000298
0.161985 -0.022527 9.712400 -0.014654 0.000333 -0.001830
0.185851 0.046674 9.726734 -0.011461 0.002461 -0.000766
0.135575 -0.003434 9.655311 -0.010397 0.000333 0.001362
0.161916 -0.022531 9.688643 -0.010397 0.000333 0.002427
0.078466 -0.029656 9.697903 -0.012526 0.002461 0.002427
0.161673 0.029960 9.612631 -0.012526 0.000333 0.000298
0.092874 -0.046363 9.728825 -0.012526 0.004590 -0.001830
0.178626 -0.022537 9.693443 -0.011461 -0.002860 0.000298
0.192789 -0.001072 9.645975 -0.012526 0.001397 0.001362
0.095169 -0.010570 9.702705 -0.012526 0.001397 -0.000766
0.130635 -0.029694 9.593525 -0.014654 0.000333 0.000298
0.164095 -0.096527 9.607866 -0.014654 0.001397 -0.000766
0.173857 0.008490 9.698185 -0.014654 0.001397 0.002427
0.133023 -0.020148 9.595909 -0.014654 0.003525 0.002427
0.149918 0.001335 9.667232 -0.011461 0.002461 0.000298
0.152441 0.003728 9.714751 -0.011461 0.001397 0.003491
0.173524 0.063363 9.591290 -0.011461 -0.001796 0.000298
0.142807 0.029979 9.686220 -0.012526 -0.000732 0.002427
0.137926 0.029975 9.648195 -0.013590 -0.001796 -0.000766
0.085519 0.001361 9.667045 -0.013590 -0.000732 0.000298
0.171215 -0.008229 9.607901 -0.010397 0.002461 0.003491
0.114223 0.003740 9.695636 -0.017847 0.001397 0.002427
0.176038 -0.053572 9.619785 -0.014654 0.000333 0.000298
0.123776 -0.060700 9.690903 -0.011461 0.001397 0.000298
0.138199 0.006124 9.738467 -0.013590 -0.000732 0.000298
0.180857 -0.001067 9.643564 -0.013590 0.002461 0.000298
0.156936 -0.001062 9.619739 -0.014654 0.003525 -0.001830
0.126225 0.039538 9.726560 -0.013590 -0.000732 0.001362
0.111842 -0.058309 9.688493 -0.015718 0.005654 0.000298
0.133298 -0.015360 9.690937 -0.014654 0.000333 0.001362
0.152328 0.044294 9.681499 -0.014654 0.002461 -0.000766
0.145233 0.013275 9.698103 -0.015718 0.001397 -0.003959
0.180773 0.001315 9.615057 -0.012526 -0.000732 0.001362
0.135634 0.003729 9.676692 -0.010397 -0.000732 -0.000766
0.135688 0.061009 9.702834 -0.015718 0.002461 -0.000766
0.137829 0.029970 9.614937 -0.011461 0.001397 0.000298
0.140192 -0.020150 9.600681 -0.011461 0.004590 -0.001830
0.145035 0.041903 9.633965 -0.012526 0.005654 0.000298
0.152303 0.020427 9.669618 -0.012526 -0.001796 0.000298
0.192918 0.006095 9.691113 -0.013590 0.001397 -0.000766
0.083250 0.006141 9.707424 -0.013590 -0.000732 0.001362
0.076057 -0.020110 9.690770 -0.012526 -0.000732 0.002427
0.181283 -0.027296 9.786099 -0.013590 0.001397 -0.001830
0.144981 0.037127 9.614959 -0.012526 0.002461 0.000298
0.106934 -0.024903 9.645722 -0.014654 0.000333 0.002427
0.161978 -0.003435 9.712403 -0.013590 0.000333 0.002427
0.083049 -0.027282 9.633774 -0.011461 -0.001796 -0.000766
0.061750 -0.029651 9.690727 -0.012526 0.005654 0.000298
0.133213 -0.027297 9.660051 -0.012526 -0.002860 0.001362
0.147488 -0.058330 9.643458 -0.011461 0.000333 0.000298
0.088030 -0.001020 9.709812 -0.013590 0.000333 0.002427
0.113962 -0.001047 9.605359 -0.015718 0.001397 0.000298
0.137846 0.003719 9.617309 -0.013590 0.000333 0.001362
0.176166 -0.008221 9.669683 -0.013590 -0.000732 0.000298
0.147602 0.001340 9.690981 -0.012526 0.000333 -0.000766
0.114139 -0.063088 9.657615 -0.013590 -0.001796 0.002427
0.071380 -0.010557 9.724016 -0.012526 -0.000732 0.001362
0.152364 0.022817 9.690998 -0.011461 0.001397 -0.000766
0.126023 0.008502 9.652909 -0.014654 0.001397 0.000298
0.142766 0.063389 9.676723 -0.012526 0.002461 0.000298
0.094933 -0.043995 9.617176 -0.012526 0.001397 0.001362
0.140150 -0.001060 9.588805 -0.012526 0.000333 0.000298
0.157060 0.037130 9.667257 -0.012526 0.006718 0.000298
0.164262 -0.046400 9.672016 -0.010397 0.003525 -0.000766
0.116745 -0.024892 9.738400 -0.013590 0.002461 0.001362
0.114163 0.015670 9.676632 -0.015718 0.003525 -0.000766
0.123450 0.027585 9.591138 -0.015718 -0.001796 0.000298
0.154808 -0.036845 9.702874 -0.014654 0.000333 0.001362
0.099605 -0.005817 9.588687 -0.013590 0.003525 -0.000766
0.100034 0.030005 9.740736 -0.010397 0.001397 0.002427
0.183415 0.034740 9.707720 -0.014654 -0.000732 0.000298
0.145197 0.001340 9.683847 -0.013590 -0.000732 0.001362
0.121353 -0.001037 9.686152 -0.013590 0.003525 -0.001830
0.119047 -0.008191 9.712278 -0.014654 0.001397 0.000298
0.130768 -0.034459 9.638662 -0.012526 0.001397 0.002427
0.063975 0.022844 9.643229 -0.015718 0.000333 -0.000766
0.150011 -0.022525 9.695736 -0.013590 -0.000732 -0.000766
0.125574 -0.013001 9.496113 -0.009333 -0.002860 -0.000766
0.161665 0.015640 9.607877 -0.014654 0.001397 0.000298
0.123684 0.065783 9.676667 -0.015718 0.004590 0.002427
0.180694 0.025176 9.591304 -0.013590 0.000333 -0.000766
0.173972 0.032362 9.740951 -0.012526 0.002461 0.001362
0.090150 0.003738 9.619545 -0.011461 0.002461 -0.001830
0.111670 -0.008201 9.636236 -0.013590 0.004590 0.001362
0.130628 0.003718 9.595906 -0.011461 0.002461 0.000298
0.106831 0.058621 9.621978 -0.014654 0.000333 0.000298
0.152158 0.018032 9.619728 -0.011461 0.001397 0.000298
0.135811 -0.005808 9.736083 -0.013590 0.000333 -0.000766
0.104546 0.034762 9.652851 -0.008269 0.002461 -0.000766
0.149824 0.063381 9.643484 -0.013590 0.006718 0.000298
0.185681 -0.032092 9.657827 -0.013590 0.001397 -0.000766
0.123730 0.001348 9.683785 -0.010397 0.003525 0.000298
0.171275 0.032346 9.634039 -0.015718 -0.000732 -0.000766
0.142689 0.049065 9.648212 -0.010397 0.004590 0.000298
0.116402 -0.017751 9.621994 -0.011461 -0.000732 -0.000766
0.116496 0.025212 9.660011 -0.013590 -0.000732 0.002427
0.142894 -0.015361 9.709970 -0.013590 0.001397 0.000298
0.119064 0.037154 9.724162 -0.014654 -0.001796 0.000298
0.109513 -0.041599 9.709868 -0.013590 0.001397 0.001362
0.097460 0.015676 9.674209 -0.012526 0.002461 0.001362
0.064030 0.041940 9.664613 -0.011461 0.005654 0.000298
0.192626 -0.008240 9.588957 -0.013590 0.002461 -0.000766
0.104554 0.013284 9.652848 -0.012526 0.000333 -0.000766
0.130728 0.032362 9.633922 -0.011461 -0.000732 -0.001830
0.106994 -0.001034 9.669483 -0.011461 0.000333 0.001362
0.178287 0.010856 9.581792 -0.011461 0.001397 0.000298
0.147368 0.034739 9.614965 -0.012526 0.001397 -0.000766
0.111703 -0.003426 9.648114 -0.014654 0.002461 -0.001830
0.116419 -0.024910 9.626744 -0.011461 0.002461 0.001362
0.099919 -0.012959 9.695592 -0.011461 -0.002860 -0.000766
0.095115 0.001360 9.686077 -0.013590 -0.000732 0.002427
0.145155 0.018043 9.671971 -0.013590 0.002461 0.000298
0.121287 -0.008200 9.662395 -0.012526 0.001397 0.001362
0.180945 -0.048794 9.667314 -0.014654 -0.002860 -0.001830
0.144930 -0.008221 9.591195 -0.012526 0.002461 -0.001830
0.102353 0.039547 9.719363 -0.014654 0.002461 -0.001830
0.137767 0.010874 9.591177 -0.014654 0.003525 -0.002894
0.152330 -0.012984 9.674364 -0.015718 0.002461 -0.001830
0.116695 0.013290 9.726528 -0.013590 0.001397 0.001362
0.128265 -0.034465 9.598269 -0.012526 -0.002860 -0.000766
0.140165 -0.020152 9.591179 -0.011461 -0.000732 0.000298
0.114121 -0.001038 9.660000 -0.014654 0.001397 -0.001830
0.126088 0.034758 9.679047 -0.012526 -0.000732 -0.000766
0.152277 -0.036852 9.652979 -0.012526 0.006718 -0.002894
0.199943 -0.048806 9.638861 -0.014654 0.002461 0.000298