0.133266 -0.075026 9.671922 -0.010397 -0.002860 0.000298
0.030634 -0.017711 9.655004 -0.008269 0.003525 0.000298
0.173776 0.020419 9.672054 -0.014654 0.002461 0.003491
0.152168 0.063378 9.629237 -0.016783 0.002461 0.007748
0.183243 0.084848 9.655463 -0.016783 0.001397 0.004555
0.195447 0.027581 9.743388 -0.015718 -0.001796 0.004555
0.130901 0.068170 9.698071 -0.015718 -0.001796 0.002427
0.095136 -0.032051 9.688448 -0.015718 0.004590 0.002427
0.185622 -0.005843 9.641202 -0.015718 0.001397 0.001362
0.142797 -0.015366 9.676710 -0.014654 0.000333 0.004555
0.121448 0.020447 9.721792 -0.009333 0.000333 -0.001830
0.096958 0.077700 9.510297 -0.015718 0.003525 -0.000766
0.056681 -0.063077 9.583802 -0.013590 0.003525 -0.001830
0.111562 -0.051165 9.593467 -0.010397 0.002461 -0.001830
0.211990 -0.005846 9.686415 -0.009333 -0.000732 0.003491
0.218690 0.025152 9.534399 -0.012526 0.002461 -0.000766
0.145135 -0.017756 9.660088 -0.010397 -0.001796 -0.000766
0.164335 -0.003438 9.702907 -0.012526 0.001397 -0.000766
0.133265 -0.017748 9.679059 -0.009333 -0.002860 -0.001830
0.133260 -0.041614 9.674304 -0.015718 0.004590 0.000298
0.128433 -0.039229 9.655285 -0.012526 0.002461 0.001362
0.176278 -0.012988 9.707691 -0.013590 0.004590 0.002427
0.106969 0.008511 9.662356 -0.008269 -0.000732 0.004555
0.147485 0.001334 9.650595 -0.013590 0.002461 -0.003959
0.102222 -0.120360 9.652820 -0.015718 0.003525 -0.002894
0.102179 -0.082178 9.643323 -0.014654 0.000333 -0.003959
0.082861 -0.024905 9.569631 -0.014654 0.000333 -0.002894
0.171599 0.020431 9.743318 -0.011461 0.002461 -0.002894
0.235753 0.077670 9.667493 -0.013590 0.002461 -0.001830
0.181140 -0.015371 9.738588 -0.014654 0.001397 0.001362
0.106922 0.022828 9.648104 -0.008269 0.001397 0.005619
0.111785 -0.053539 9.669488 -0.010397 0.004590 -0.000766
0.145196 -0.015366 9.681468 -0.011461 -0.001796 -0.002894
0.181070 -0.048787 9.710075 -0.015718 0.000333 -0.009280
0.106938 -0.017743 9.648098 -0.013590 0.000333 -0.010344
0.130854 0.080100 9.683819 -0.012526 0.000333 -0.009280
0.104510 0.142156 9.655244 -0.011461 0.002461 -0.005023
0.123835 0.068178 9.728933 -0.013590 0.000333 -0.002894
0.092481 0.037146 9.605303 -0.013590 0.003525 0.005619
0.107298 -0.034429 9.769255 -0.013590 0.001397 0.012005
0.121221 -0.070254 9.631503 -0.010397 0.002461 0.005619
0.195330 -0.008224 9.698245 -0.011461 0.005654 -0.000766
0.164348 -0.053555 9.700523 -0.010397 0.002461 -0.009280
0.209760 0.006096 9.741051 -0.013590 0.001397 -0.010344
0.132974 0.051446 9.588793 -0.010397 -0.000732 -0.006087
0.126196 0.061016 9.719436 -0.013590 0.001397 0.002427
0.171539 0.032360 9.724314 -0.010397 0.000333 0.003491
0.171138 0.046658 9.588903 -0.014654 0.001397 0.005619
0.190455 0.010865 9.664975 -0.011461 0.002461 0.001362
0.223532 -0.032124 9.551032 -0.010397 0.002461 -0.001830
0.118672 0.046679 9.591127 -0.013590 0.001397 -0.007151
0.102204 -0.005806 9.662340 -0.013590 0.003525 -0.001830
0.123499 0.025201 9.607768 -0.013590 -0.001796 0.003491
0.076091 0.051488 9.712163 -0.010397 0.002461 0.001362
0.087791 0.044312 9.633799 -0.009333 0.001397 0.002427
0.164193 0.022807 9.657774 -0.013590 0.001397 0.001362
0.226249 -0.032107 9.665072 -0.007205 0.001397 0.001362
0.159536 -0.001051 9.693391 -0.010397 0.003525 0.001362
0.192856 -0.029707 9.664975 -0.009333 0.002461 0.002427
0.147484 0.003720 9.650596 -0.011461 0.001397 -0.003959
0.185746 0.013257 9.686342 -0.011461 -0.002860 -0.008216
0.056959 0.022854 9.690722 -0.013590 0.001397 -0.011408
0.076109 0.039557 9.716912 -0.008269 -0.001796 -0.008216
0.166602 0.049059 9.669663 -0.009333 0.003525 -0.000766
0.168970 0.022805 9.660163 -0.010397 0.000333 0.001362
0.114034 0.008503 9.631495 -0.011461 -0.000732 -0.000766
0.157105 -0.024918 9.674376 -0.010397 -0.001796 -0.002894
0.123533 -0.044007 9.610131 -0.013590 -0.001796 -0.001830
0.080646 -0.017735 9.629017 -0.010397 -0.001796 0.001362
0.142692 0.058612 9.650590 -0.014654 0.002461 -0.001830
0.161578 0.044274 9.581749 -0.010397 -0.000732 -0.002894
0.113984 0.049072 9.619622 -0.011461 -0.000732 -0.007151
0.114396 0.058641 9.762162 -0.010397 0.000333 0.000298
0.102420 -0.024887 9.733607 -0.013590 0.000333 0.004555
0.078427 -0.070230 9.678891 -0.004012 -0.002860 0.008812
0.092715 -0.029665 9.676562 -0.009333 0.000333 0.008812
0.149623 -0.005840 9.565076 -0.010397 -0.001796 0.007748
0.185614 0.049048 9.645962 -0.010397 -0.000732 -0.001830
0.221489 0.013241 9.674569 -0.009333 -0.001796 -0.000766
0.195345 -0.046408 9.698239 -0.006140 -0.000732 0.002427
0.149782 -0.039244 9.614961 -0.007205 0.000333 0.003491
0.094927 -0.065474 9.612422 -0.012526 -0.001796 -0.003959
0.075985 -0.065459 9.659879 -0.007205 -0.002860 -0.012472
0.021037 -0.048736 9.631215 -0.006140 -0.002860 -0.013537
-0.043157 -0.008128 9.707055 -0.004012 -0.002860 -0.009280
0.107042 0.034767 9.690868 -0.005076 -0.000732 0.001362
0.166433 0.039504 9.610270 0.002373 -0.003924 0.006684
0.384071 -0.208753 9.779533 0.016208 0.005654 0.015197
0.343824 -0.301796 9.869677 0.034300 0.003525 0.047124
0.224227 -0.423482 9.736274 0.081126 0.000333 0.037546
0.174078 -0.323230 9.729017 0.117309 -0.001796 -0.001830
0.078680 -0.428201 9.716846 0.140722 -0.000732 -0.022050
-0.009338 -0.559414 9.778335 0.174777 0.001397 -0.014601
-0.001640 -0.514043 9.970792 0.233309 0.000333 0.006684
0.088679 -0.466365 9.868910 0.297162 -0.002860 0.017326
0.119547 -0.554687 9.809593 0.364208 0.000333 0.023711
0.122122 -0.595249 9.868986 0.409970 -0.003924 0.032225
0.086382 -0.619099 9.878381 0.459988 0.000333 0.036482
0.174641 -0.607200 9.883390 0.530226 -0.000732 0.024775
0.306098 -0.511775 9.990690 0.608979 -0.003924 -0.002894
0.248561 -0.557113 9.883613 0.684538 -0.004988 -0.028436
0.288786 -0.442592 9.788723 0.759034 -0.003924 -0.031628
0.131304 -0.373322 9.776398 0.826079 -0.003924 -0.032693
0.076671 -0.225321 9.873664 0.901639 -0.004988 -0.020986
0.155130 -0.239686 9.785990 0.980391 -0.001796 -0.018858
0.207429 -0.132320 9.741022 1.069786 -0.006053 -0.008216
0.221740 -0.149032 9.738686 1.159180 -0.003924 0.001362
0.243195 0.070523 9.764915 1.232611 -0.009245 -0.006087
0.211743 0.163587 9.624675 1.299657 -0.008181 -0.031628
0.089672 0.597966 9.536490 1.350740 -0.006053 -0.049720
0.067973 0.994131 9.510359 1.400758 -0.010310 -0.045463
0.036398 1.397442 9.370168 1.425235 -0.009245 -0.033757
0.174364 1.776831 9.294608 1.429492 -0.010310 -0.017793
0.195264 2.122843 9.147433 1.424171 -0.006053 -0.009280
0.063697 2.199244 9.025905 1.396501 -0.004988 -0.011408
0.052002 2.299497 9.118538 1.372024 -0.008181 -0.024179
0.063851 2.545304 9.125739 1.342226 -0.007117 -0.032693
0.032869 2.640780 9.147044 1.307107 -0.008181 -0.033757
0.159033 3.058365 9.118969 1.275180 -0.008181 -0.030564
0.101048 3.075053 8.866985 1.225162 -0.011374 0.001362
0.264681 3.704990 8.629997 1.129382 -0.012438 0.025840
0.318472 4.334962 8.349926 0.959107 -0.015631 0.048188
0.316485 4.745474 8.542413 0.765419 -0.006053 0.103528
0.116975 5.091520 8.059632 0.568538 -0.014566 0.125876
0.489874 5.158371 9.167776 0.376979 0.002461 0.136518
1.357216 3.981405 8.718737 0.264171 0.010975 0.128005
1.305029 3.294112 8.723227 0.212025 0.035452 0.187601
0.606649 3.969811 8.973125 0.186483 0.017360 0.199307
-0.070460 3.755304 9.035266 0.110924 0.016296 0.108849
0.063865 3.540501 9.266059 0.075805 0.015232 0.014133
0.039174 3.597743 8.985671 0.047071 0.001397 -0.046527
0.368381 3.662053 9.015145 -0.004012 0.002461 -0.016729
0.337490 3.666845 9.055441 -0.044452 0.003525 0.034353
0.184686 3.585753 8.990843 -0.083828 0.004590 0.035417
0.146707 3.542820 9.047741 -0.128526 0.003525 0.003491
0.137542 3.538071 9.175999 -0.160452 0.001397 0.007748
0.106310 3.390104 9.078483 -0.176415 0.000333 0.020518
0.032393 3.230235 9.063988 -0.194507 0.004590 0.023711
0.216601 2.972444 9.218900 -0.199828 0.005654 0.017326
0.273925 2.960493 9.245196 -0.184929 0.005654 0.005619
0.414589 2.936568 9.221845 -0.177480 0.003525 0.003491
0.295348 2.843540 9.214356 -0.167902 0.000333 -0.002894
0.254645 2.939010 9.173868 -0.158324 0.001397 -0.010344
0.252226 2.989127 9.169118 -0.153003 0.001397 -0.008216
0.075825 2.948631 9.197107 -0.149810 0.003525 0.004555
0.090373 2.769646 9.254136 -0.135975 0.001397 0.015197
0.142956 2.700421 9.282785 -0.114691 0.002461 0.007748
0.231432 2.569137 9.342412 -0.087021 0.004590 -0.005023
0.269508 2.559571 9.311639 -0.052966 0.003525 -0.001830
0.162402 2.550080 9.387346 -0.023168 0.001397 0.003491
0.157322 2.755309 9.308968 0.000245 0.000333 -0.001830
0.209775 2.788699 9.306750 0.014080 -0.000732 -0.002894
0.104582 2.939081 9.242325 0.028979 -0.000732 0.002427
0.147118 2.996320 9.114173 0.021529 0.001397 0.009876
0.116357 3.022598 9.201987 0.017273 0.000333 0.007748
0.092460 3.084655 9.194800 0.015144 0.002461 -0.001830
0.090296 2.998752 9.258923 0.010887 0.001397 -0.006087
0.185444 2.948582 9.164166 0.014080 0.003525 0.003491
0.238149 2.888910 9.235579 0.011951 0.001397 0.001362
0.173857 2.915193 9.275782 0.014080 0.000333 -0.003959
0.240219 2.948556 9.135818 0.013016 0.000333 -0.003959
0.166354 3.041665 9.173628 0.006630 0.001397 -0.001830
0.249491 3.156168 9.071734 0.000245 -0.001796 -0.000766
0.233094 3.134712 9.171461 -0.013590 0.002461 -0.001830
0.094570 3.079866 9.099780 -0.027425 0.003525 0.001362
0.075620 3.132385 9.151998 -0.037003 0.004590 0.003491
0.163912 3.063142 9.156994 -0.049773 0.005654 0.005619
0.297576 3.029683 9.185884 -0.055094 0.001397 0.002427
0.259847 3.003469 9.330686 -0.060416 0.002461 0.002427
0.180983 2.955761 9.271057 -0.057223 0.000333 0.004555
0.118581 2.991563 9.142597 -0.062544 -0.000732 0.000298
0.197616 2.939044 9.247347 -0.063608 0.004590 0.004555
0.245166 2.958110 9.197600 -0.058287 0.001397 0.000298
0.283316 2.972414 9.195336 -0.065737 0.002461 -0.003959
0.297780 2.934231 9.242886 -0.065737 0.003525 0.002427
0.154585 2.924737 9.211585 -0.063608 0.004590 0.005619
0.185605 2.893700 9.211671 -0.061480 0.002461 0.006684
0.199944 2.838805 9.214079 -0.057223 -0.000732 0.002427
0.199854 2.838800 9.183195 -0.050838 0.004590 -0.006087
0.219019 2.802999 9.207002 -0.044452 0.002461 -0.001830
0.235605 2.939020 9.188067 -0.043388 0.004590 -0.001830
0.190365 2.900857 9.209310 -0.044452 0.001397 0.001362
0.228658 2.919942 9.256937 -0.040195 0.002461 0.006684
0.133171 2.881790 9.223394 -0.044452 0.002461 0.005619
0.192668 2.898465 9.180808 -0.037003 0.001397 0.007748
0.178562 2.853137 9.244903 -0.035938 0.002461 0.003491
0.207114 2.697996 9.199823 -0.026360 0.004590 0.000298
0.168877 2.712326 9.175959 -0.017847 -0.000732 -0.005023
0.224014 2.776757 9.280656 -0.006140 0.002461 -0.008216
0.192750 2.814940 9.197425 0.004502 0.003525 -0.006087
0.126038 2.841223 9.225743 0.005566 -0.000732 -0.000766
0.176003 2.943818 9.197397 0.007695 0.001397 -0.000766
0.233342 2.910389 9.226067 0.002373 0.001397 0.001362
0.211816 2.958125 9.211757 0.001309 0.003525 -0.001830
0.245197 2.931859 9.204722 -0.002948 0.000333 0.002427
0.161733 2.874616 9.202096 0.000245 -0.000732 0.005619
0.176121 2.855522 9.225891 0.000245 0.005654 0.012005
0.121545 2.857945 9.323134 -0.000819 -0.001796 0.007748
0.154565 2.888937 9.199700 0.002373 0.000333 -0.000766
0.149821 2.962924 9.218704 -0.005076 0.000333 -0.003959
0.133273 2.919980 9.263787 -0.007205 0.005654 0.000298
0.238098 2.981983 9.230843 -0.014654 0.001397 0.006684
0.292933 2.936616 9.216741 -0.024232 0.001397 0.002427
0.159183 2.993936 9.161720 -0.024232 0.004590 -0.005023
0.104358 2.962934 9.168684 -0.030617 0.001397 -0.003959
0.135633 2.931911 9.256668 -0.034874 0.002461 0.001362
0.271432 2.989126 9.211935 -0.041260 0.000333 0.001362
0.238135 2.941414 9.237962 -0.043388 0.001397 -0.001830
0.235572 2.970044 9.180944 -0.047645 0.004590 0.000298
0.185426 2.993926 9.164173 -0.058287 0.002461 0.003491
0.152094 2.931892 9.175944 -0.066801 0.002461 0.002427
0.216543 3.084609 9.214167 -0.073186 0.001397 0.000298
0.233418 3.051200 9.271225 -0.081700 0.001397 -0.001830
0.226169 3.008240 9.233187 -0.098727 0.000333 -0.000766
0.156694 3.027343 9.130836 -0.115755 0.003525 -0.007151
0.130800 3.072717 9.254301 -0.128526 0.002461 -0.008216
0.154432 3.101334 9.183105 -0.155131 0.001397 -0.008216
0.197193 3.132333 9.128594 -0.183865 0.005654 -0.009280
0.252241 3.144255 9.195273 -0.212599 0.004590 -0.012472
0.206786 3.139492 9.147629 -0.237076 0.005654 -0.012472
0.230642 3.110844 9.145317 -0.269003 0.005654 -0.009280
0.247309 3.096517 9.133486 -0.300929 0.004590 -0.007151
0.190254 3.163373 9.206976 -0.339241 0.005654 -0.008216
0.151664 3.177685 9.061952 -0.379681 0.004590 -0.005023
0.111337 3.163393 9.135477 -0.424379 0.010975 0.000298
0.114029 2.982030 9.216228 -0.457369 0.010975 -0.001830
0.204638 2.857891 9.190339 -0.480782 0.010975 -0.007151
0.255124 2.709926 9.306870 -0.503131 0.008846 -0.005023
0.262170 2.616842 9.256986 -0.513773 0.010975 -0.000766
0.183468 2.545276 9.249619 -0.532929 0.008846 0.002427
0.228644 2.588209 9.206996 -0.545700 0.012039 0.006684
0.178840 2.519034 9.294739 -0.566984 0.009911 0.013069
0.240931 2.411618 9.306781 -0.575498 0.012039 0.014133
0.250608 2.277974 9.335295 -0.581883 0.010975 0.010940
0.179181 2.146748 9.361198 -0.589333 0.010975 0.009876
0.114976 2.077574 9.418016 -0.584012 0.012039 0.007748
0.103295 1.915306 9.479724 -0.580819 0.012039 0.010940
0.141313 1.807887 9.415674 -0.566984 0.009911 0.003491
0.201218 1.652752 9.489469 -0.549956 0.012039 -0.002894
0.143992 1.643230 9.494052 -0.533993 0.008846 -0.001830
0.198980 1.542979 9.525080 -0.510580 0.008846 0.000298
0.275168 1.590673 9.484922 -0.493553 0.007782 -0.000766
0.208719 1.514348 9.589245 -0.476525 0.009911 -0.000766
0.163276 1.514359 9.546351 -0.457369 0.009911 0.003491
0.154003 1.469032 9.631843 -0.444599 0.007782 0.008812
0.144216 1.461863 9.546288 -0.431828 0.009911 0.003491
0.125440 1.337786 9.634113 -0.420122 0.007782 -0.001830
0.168176 1.275708 9.558207 -0.390324 0.008846 0.001362
0.268546 1.170670 9.610745 -0.366911 0.008846 -0.000766
0.223154 1.165910 9.584480 -0.341369 0.006718 -0.002894
0.208736 1.192163 9.551184 -0.315828 0.008846 -0.008216
0.123106 1.192209 9.631708 -0.297736 0.006718 -0.011408
0.180391 1.244693 9.653263 -0.286030 0.004590 -0.002894
0.173183 1.237534 9.634235 -0.270067 0.007782 -0.000766
0.175530 1.247077 9.622366 -0.262617 0.003525 -0.000766
0.156508 1.237541 9.641315 -0.259425 0.005654 0.000298
0.094314 1.273355 9.584124 -0.258360 0.004590 -0.001830
0.079862 1.402227 9.553219 -0.267938 0.006718 -0.001830
0.149069 1.392655 9.565296 -0.279645 0.004590 -0.002894
0.232394 1.330563 9.503761 -0.292415 0.004590 -0.001830
0.249058 1.306689 9.489552 -0.305186 0.005654 -0.001830
0.222974 1.304321 9.541740 -0.316892 0.005654 -0.006087
0.101517 1.273354 9.600774 -0.329663 0.008846 -0.000766
0.062950 1.299600 9.465255 -0.349883 0.007782 0.002427
0.144305 1.290035 9.553389 -0.370103 0.007782 0.003491
0.158394 1.204101 9.465516 -0.389259 0.007782 0.003491
0.201570 1.094316 9.534519 -0.404158 0.005654 0.003491
0.261468 1.027483 9.617830 -0.415865 0.008846 0.005619
0.144624 0.903429 9.610343 -0.419057 0.006718 0.007748
0.077982 0.877211 9.655283 -0.420122 0.007782 0.003491
0.080047 0.812756 9.536496 -0.422250 0.006718 -0.005023
0.209060 0.636111 9.586732 -0.417993 0.007782 0.001362
0.254634 0.617014 9.672384 -0.411608 0.003525 0.000298
0.168807 0.521588 9.672120 -0.397773 0.005654 -0.002894
0.180793 0.545452 9.695915 -0.382874 0.004590 -0.011408
0.097247 0.466725 9.662401 -0.370103 0.004590 -0.010344
0.097474 0.435712 9.736042 -0.359461 0.005654 -0.006087
0.116411 0.450016 9.688586 -0.346691 0.006718 -0.006087
0.166680 0.395115 9.743363 -0.333920 0.006718 -0.006087
0.173634 0.239975 9.653085 -0.313700 0.005654 -0.010344
0.185593 0.364073 9.681646 -0.304122 0.005654 -0.001830
0.104576 0.256714 9.693273 -0.287094 0.006718 -0.000766
0.180835 0.263840 9.672113 -0.274324 0.003525 0.001362
-0.069822 0.271087 9.597743 -0.272195 0.002461 0.006684
0.216152 0.359263 9.527317 -0.271131 0.004590 0.009876
0.266601 0.251868 9.636727 -0.260489 0.006718 -0.003959
0.216701 0.197007 9.693588 -0.254103 0.006718 -0.002894
0.166357 0.144508 9.598409 -0.251975 0.005654 0.007748
0.121275 0.144539 9.679049 -0.240269 0.005654 0.007748
0.133136 0.218514 9.667217 -0.229626 0.005654 0.006684
0.109216 0.166016 9.636256 -0.230691 0.003525 0.002427
0.087781 0.139774 9.643316 -0.231755 0.002461 0.004555
0.118713 0.239993 9.631545 -0.230691 0.006718 0.006684
0.102109 0.094424 9.643351 -0.231755 0.004590 0.004555
0.154502 0.053828 9.610237 -0.229626 0.002461 0.001362
0.109354 0.027603 9.664742 -0.226434 0.002461 0.006684
0.164261 0.025197 9.681530 -0.223241 0.003525 0.004555
0.111655 0.082488 9.643376 -0.221113 0.005654 0.001362
0.118963 0.063401 9.693283 -0.220048 0.004590 -0.001830
0.180684 0.032335 9.588928 -0.222177 0.007782 0.000298
-0.353819 1.483695 10.523611 -0.056159 -0.034787 -0.006087
-0.763484 -1.225120 8.716503 -0.007205 0.062057 0.037546
0.698926 -1.175435 9.654386 -0.010397 -0.029465 0.056702
-0.575355 -0.356372 9.551038 -0.018911 0.006718 0.008812
0.605374 -0.533441 9.559190 0.004502 0.006718 -0.080582
0.528381 0.523800 9.473611 -0.002948 -0.009245 -0.086968
0.087254 0.507276 9.512712 -0.006140 0.005654 -0.028436
0.109398 0.562195 9.752726 -0.011461 0.000333 0.033289
0.094826 0.364102 9.636247 -0.026360 0.005654 0.038610
0.247542 -0.032124 9.605742 -0.026360 0.008846 0.008812
0.188270 -0.265965 9.695808 -0.018911 0.003525 0.002427
0.026149 -0.230098 9.723850 -0.015718 0.005654 0.008812
-0.045696 -0.091665 9.642892 -0.012526 0.002461 0.005619
-0.005064 0.096862 9.697680 -0.009333 -0.001796 -0.010344
0.106768 0.132601 9.610111 -0.010397 0.000333 -0.003959
0.154804 0.058617 9.714767 -0.011461 0.000333 0.007748
0.188000 -0.058348 9.631699 -0.012526 0.000333 0.012005
0.250226 -0.051202 9.705524 -0.014654 0.002461 0.003491
0.092407 0.049075 9.581549 -0.011461 0.002461 -0.000766
0.114106 0.003734 9.655250 -0.015718 0.003525 0.002427
0.056742 0.027616 9.617077 -0.018911 0.004590 0.014133
0.092424 0.039529 9.586299 -0.019975 0.003525 0.008812
0.171261 -0.001067 9.624532 -0.016783 0.005654 0.008812
0.128496 -0.005814 9.681421 -0.018911 0.004590 0.008812
0.090335 0.008521 9.683689 -0.018911 0.002461 0.010940
0.156999 0.049060 9.648253 -0.013590 0.003525 0.009876
0.130781 0.003726 9.648170 -0.014654 0.001397 0.012005
0.171415 0.010875 9.679174 -0.016783 0.001397 0.008812
0.181039 0.010875 9.707709 -0.016783 0.001397 0.013069
0.175975 0.034727 9.610296 -0.017847 0.004590 0.015197
0.095193 0.051482 9.719344 -0.016783 0.005654 0.018390
0.095376 0.041946 9.781110 -0.017847 0.006718 0.016262
0.133363 -0.022516 9.712317 -0.014654 0.004590 0.018390
0.025754 -0.003396 9.619357 -0.013590 -0.000732 0.019454
0.083104 -0.010573 9.655157 -0.013590 0.004590 0.019454
0.221592 -0.036872 9.703068 -0.011461 0.000333 0.012005
0.111745 0.010896 9.664746 -0.015718 0.005654 0.009876
0.118885 0.015665 9.660017 -0.013590 0.002461 0.002427
0.123681 -0.101277 9.652885 -0.013590 0.000333 -0.002894
0.195141 0.032337 9.638860 -0.015718 0.002461 -0.001830
0.219303 -0.001067 9.741077 -0.014654 0.002461 0.002427
0.178398 -0.008230 9.617424 -0.009333 0.003525 0.004555
0.071251 -0.001018 9.681256 -0.011461 0.001397 0.004555
0.025921 -0.003387 9.676373 -0.012526 -0.000732 0.012005
0.071150 0.008523 9.647998 -0.011461 0.001397 0.013069
0.161842 0.022809 9.669646 -0.013590 0.001397 0.015197
0.114187 0.025218 9.686136 -0.009333 0.001397 0.014133
-0.000042 -0.012908 9.768947 -0.028489 0.013103 0.015197
0.157441 0.037151 9.797919 -0.010397 -0.002860 0.014133
0.028638 0.013336 9.792790 -0.013590 0.003525 0.010940
0.135849 -0.117974 9.733689 -0.012526 0.003525 0.013069
0.271537 0.008445 9.660459 -0.012526 0.000333 0.004555
0.178756 -0.020143 9.738581 -0.009333 0.002461 -0.013537
0.195225 0.046661 9.669746 -0.013590 0.000333 -0.011408
0.128389 0.072937 9.655302 -0.012526 0.004590 -0.005023
0.135769 -0.039222 9.717072 -0.012526 0.001397 0.004555
0.068665 -0.001028 9.612355 -0.012526 0.000333 0.008812
0.095208 -0.039207 9.712204 -0.015718 0.005654 0.005619
0.178459 0.049051 9.645942 -0.010397 0.002461 -0.003959
0.200153 -0.106072 9.702994 -0.011461 0.000333 0.000298
0.085380 -0.065471 9.610018 -0.012526 0.004590 0.004555
0.226368 0.034724 9.714972 -0.013590 -0.000732 0.012005
0.123812 0.056244 9.719428 -0.011461 0.001397 0.013069
0.107300 0.065806 9.783525 -0.021039 0.008846 0.004555
0.145116 0.013268 9.657717 -0.023168 0.007782 0.005619
0.193118 -0.044012 9.752872 -0.018911 0.005654 0.010940
0.185725 -0.177670 9.653053 -0.021039 0.003525 0.009876
0.254735 -0.318513 9.579585 -0.015718 0.004590 0.015197
0.121101 -0.256413 9.564954 -0.014654 0.001397 0.017326
0.042559 -0.103632 9.643146 -0.013590 -0.000732 0.023711
0.071059 0.135006 9.633764 -0.013590 0.003525 0.023711
0.125748 0.158841 9.579287 -0.012526 0.004590 0.019454
0.109443 0.204213 9.719410 -0.013590 0.001397 0.002427
0.130876 0.094421 9.693323 -0.017847 0.006718 -0.012472
0.209759 -0.044022 9.733916 -0.019975 0.005654 -0.005023
0.209751 -0.094140 9.724404 -0.014654 0.004590 0.008812
0.164178 0.041898 9.655401 -0.018911 0.004590 0.007748
0.052041 0.218547 9.666982 -0.021039 0.005654 -0.001830
0.089959 0.154081 9.574430 -0.027425 0.010975 -0.011408
0.137962 0.061002 9.664830 -0.031682 0.010975 -0.011408
0.228767 0.034723 9.719729 -0.031682 0.009911 -0.016729
0.185634 -0.089372 9.634062 -0.025296 0.006718 -0.024179
-0.076885 0.001413 9.592928 -0.013590 0.004590 -0.048656
-0.026307 0.075404 9.771259 -0.032746 0.012039 -0.079518
0.178872 0.545478 9.855078 -0.045516 0.002461 -0.066748
0.167886 0.707820 10.199540 -0.163645 0.007782 -0.027371
0.252125 0.860438 9.662913 -0.241333 0.003525 -0.006087
0.267365 1.103912 10.014591 -0.311571 0.013103 -0.005023
0.286668 1.084824 10.088289 -0.433957 0.028002 -0.011408
0.233501 0.896269 9.824409 -0.533993 0.021617 -0.010344
0.114535 0.755525 9.904812 -0.601039 0.019489 0.004555
-0.002211 0.559880 9.921072 -0.671278 0.020553 0.006684
0.071520 0.421418 9.830990 -0.746837 0.020553 -0.001830
0.071363 0.259124 9.754944 -0.808562 0.016296 0.006684
0.044921 -0.043971 9.643163 -0.843681 0.018424 0.017326
-0.017077 -0.399543 9.600164 -0.854323 0.018424 0.022647
0.049680 -0.750396 9.543287 -0.855387 0.021617 0.014133
0.145235 -0.776678 9.591074 -0.862837 0.018424 -0.005023
0.123848 -0.767119 9.619521 -0.870287 0.018424 -0.019922
0.083288 -0.631069 9.633678 -0.883057 0.019489 -0.022050
0.116503 -0.552335 9.583899 -0.912855 0.016296 -0.014601
0.090218 -0.779051 9.536273 -0.933075 0.018424 -0.007151
0.154588 -1.072626 9.486526 -0.941589 0.018424 -0.009280
0.171332 -1.368563 9.462771 -0.937332 0.018424 -0.008216
0.011482 -1.499763 9.429027 -0.927754 0.018424 -0.005023
0.070996 -1.611962 9.374542 -0.914984 0.017360 -0.001830
0.008656 -1.836292 9.231787 -0.879864 0.017360 -0.003959
0.082958 -1.895965 9.348400 -0.853259 0.015232 -0.002894
0.282861 -2.127566 9.163644 -0.779828 0.022681 -0.041206
0.206772 -2.108430 9.246573 -0.760672 0.014168 -0.047592
0.173793 -2.363757 9.353341 -0.724488 0.010975 -0.045463
0.118693 -2.122705 9.303329 -0.689369 0.019489 -0.041206
0.056855 -1.989024 9.381569 -0.681920 0.013103 -0.010344
-0.038430 -2.206156 9.393134 -0.686177 0.012039 0.014133
-0.101135 -2.191850 9.157767 -0.652122 0.008846 0.015197
-0.045879 -2.320724 9.276690 -0.623388 0.008846 0.004555
0.123700 -2.456813 9.338927 -0.622323 0.006718 0.003491
0.178015 -2.676428 9.122866 -0.591461 0.007782 -0.000766
0.216393 -2.748029 9.187109 -0.538250 0.007782 0.004555
0.109435 -2.623864 9.331732 -0.511645 0.007782 0.001362
0.135612 -2.473525 9.331831 -0.510580 0.015232 -0.007151
0.085549 -2.327923 9.360217 -0.514837 0.010975 -0.009280
0.078670 -2.308812 9.457602 -0.516966 0.006718 0.003491
-0.023969 -2.425718 9.414523 -0.537186 0.006718 0.014133
-0.016988 -2.545058 9.338505 -0.541443 0.006718 0.016262
0.032805 -2.798070 9.203197 -0.526544 0.005654 0.015197
0.085198 -3.031978 9.143921 -0.503131 0.007782 0.019454
0.161376 -3.203849 9.070470 -0.471204 0.008846 0.014133
0.137674 -3.301681 9.108396 -0.438213 0.006718 0.005619
0.165872 -3.335126 8.958806 -0.386067 0.007782 -0.013537
0.279523 -4.738516 8.481409 -0.254103 0.012039 -0.040142
0.041803 -5.134548 8.699217 -0.063608 0.010975 -0.053977
-0.296794 -4.461398 8.821873 0.086447 0.005654 -0.068876
-0.310844 -3.459022 9.047676 0.174777 -0.012438 -0.064619
-0.050778 -2.590411 9.195861 0.180098 -0.000732 -0.042271
0.311944 -2.452124 9.277707 0.169456 -0.001796 -0.048656
0.436039 -2.359094 9.313716 0.132208 -0.003924 -0.076326
0.291247 -2.330359 9.557992 0.075805 0.005654 -0.082711
0.190227 -2.296954 9.272628 0.051328 0.008846 -0.068876
-0.200302 -2.430412 9.471025 -0.009333 0.000333 0.003491
-0.193276 -2.766927 9.380719 -0.048709 -0.006053 0.052445
0.042212 -2.705005 9.169980 -0.035938 0.000333 0.033289
0.254503 -2.810097 9.161077 -0.032746 0.001397 -0.014601
0.092886 -2.891145 9.345895 -0.045516 0.003525 -0.026307
0.016130 -3.008080 9.181734 -0.025296 0.000333 0.003491
0.030241 -2.819558 9.139044 -0.012526 0.001397 0.021583
0.082848 -2.755134 9.193846 -0.017847 0.000333 0.010940
0.140037 -2.826756 9.165494 -0.015718 -0.000732 -0.008216
0.140136 -2.779020 9.205887 -0.011461 0.001397 -0.009280
0.087698 -2.762291 9.219991 -0.024232 0.002461 0.000298
0.054384 -2.750341 9.248405 -0.022104 -0.000732 0.008812
0.073710 -2.790907 9.326850 -0.022104 -0.002860 0.004555
0.078404 -2.790913 9.300733 -0.021039 -0.000732 -0.001830
0.106989 -2.891162 9.274666 -0.021039 0.000333 0.000298
0.142701 -2.900726 9.251013 -0.014654 0.001397 0.007748
0.078157 -2.850590 9.208072 -0.008269 0.001397 0.004555
0.092661 -2.795695 9.281767 -0.008269 0.001397 -0.002894
0.006686 -2.762254 9.248263 -0.010397 0.002461 -0.005023
0.071123 -2.755119 9.262707 -0.009333 -0.000732 0.002427
0.131096 -2.819561 9.372149 -0.012526 0.001397 0.008812
0.180504 -2.764726 9.146615 -0.013590 -0.000732 0.004555
0.145353 -2.700241 9.369834 -0.016783 0.002461 0.001362
0.092378 -2.745592 9.191501 -0.024232 0.001397 -0.006087
0.016264 -2.805214 9.255411 -0.017847 -0.000732 -0.000766
0.085497 -2.755121 9.284128 -0.024232 0.004590 0.000298
0.042467 -2.841025 9.238853 -0.018911 -0.000732 0.000298
0.090145 -2.850592 9.229487 -0.014654 -0.000732 0.001362
0.156891 -2.857780 9.215425 -0.007205 0.002461 0.002427
0.150001 -2.829124 9.310436 -0.006140 -0.002860 0.005619
0.159432 -2.779016 9.279588 -0.004012 -0.000732 -0.000766
0.116424 -2.728885 9.260466 -0.014654 0.003525 -0.002894
0.064150 -2.707375 9.331587 -0.023168 0.000333 0.001362
0.066262 -2.716937 9.236566 -0.026360 0.002461 0.006684
0.151996 -2.824373 9.177406 -0.018911 0.002461 0.006684
0.168989 -2.943691 9.262960 -0.011461 -0.001796 0.001362
0.051891 -2.898313 9.191359 -0.010397 -0.000732 0.001362
0.056938 -2.879207 9.288777 -0.002948 0.003525 0.002427
0.009082 -2.755095 9.253023 0.000245 0.000333 0.004555
0.085575 -2.726478 9.315017 -0.007205 -0.001796 0.003491
0.109420 -2.743193 9.310332 -0.012526 0.000333 0.002427
0.137944 -2.759916 9.274776 -0.017847 0.002461 0.000298
0.078206 -2.762285 9.236592 -0.018911 -0.001796 -0.002894
0.109085 -2.824355 9.184409 -0.021039 -0.000732 -0.002894
0.059211 -2.910239 9.246017 -0.011461 0.000333 0.000298
0.075859 -2.876837 9.234193 -0.009333 0.001397 -0.001830
0.130565 -2.860161 9.184465 -0.000819 0.002461 0.000298
0.111524 -2.821966 9.203422 -0.001883 0.001397 -0.002894
0.097556 -2.776597 9.326921 -0.001883 0.002461 0.001362
0.099624 -2.728884 9.224783 -0.007205 0.003525 0.005619
0.097650 -2.769432 9.360182 -0.006140 0.003525 0.003491
0.133233 -2.716953 9.300903 -0.015718 0.001397 -0.001830
0.080781 -2.857738 9.288850 -0.016783 0.000333 -0.001830
0.059092 -2.872061 9.210388 -0.009333 -0.003924 -0.003959
0.145022 -2.862545 9.234396 -0.007205 0.004590 -0.005023
0.078149 -2.845817 9.205697 -0.004012 0.005654 -0.005023
0.030561 -2.752717 9.257837 -0.005076 0.002461 -0.001830
0.068903 -2.786134 9.314959 -0.007205 -0.001796 0.000298
0.047352 -2.764651 9.288768 -0.006140 0.000333 0.006684
0.063619 -2.836277 9.132011 -0.007205 -0.001796 0.001362
0.106786 -2.833895 9.212909 -0.002948 -0.001796 0.003491
0.083126 -2.810010 9.281737 0.002373 0.003525 0.002427
0.097389 -2.881615 9.255635 0.008759 0.002461 0.004555
0.071058 -2.712164 9.246083 0.011951 -0.001796 0.001362
0.109417 -2.702622 9.315090 0.003438 -0.001796 0.000298
0.128661 -2.676368 9.374540 -0.001883 0.001397 0.003491
0.042334 -2.838646 9.193715 0.000245 -0.001796 0.006684
0.085368 -2.867296 9.224720 0.000245 -0.003924 0.008812
0.071152 -2.862512 9.257937 0.002373 -0.001796 0.007748
0.028450 -2.903054 9.331452 0.008759 -0.001796 0.008812
0.068709 -2.907859 9.231791 0.018337 -0.002860 0.010940
0.123563 -2.898335 9.231952 0.030043 0.000333 0.007748
0.064036 -2.910238 9.265036 0.037493 -0.001796 0.004555
0.119149 -2.957978 9.345960 0.057713 -0.001796 0.003491
0.030598 -2.950799 9.243552 0.068355 0.003525 -0.001830
0.116261 -2.876861 9.184422 0.077933 -0.002860 -0.005023
0.068938 -2.910233 9.310188 0.096025 -0.000732 -0.006087
0.049869 -2.800443 9.329155 0.097089 0.001397 0.000298
0.047163 -2.776594 9.222247 0.100282 0.002461 0.001362
0.121075 -2.759919 9.215337 0.113052 -0.001796 0.004555
0.190454 -2.817212 9.279672 0.122630 -0.000732 0.000298
0.125862 -2.924592 9.198695 0.133272 -0.002860 -0.000766
0.104431 -2.857758 9.220024 0.153493 -0.000732 -0.000766
0.032897 -2.819544 9.231701 0.168392 -0.004988 -0.002894
0.092763 -2.807622 9.315024 0.177970 0.001397 -0.005023
0.104389 -2.697861 9.227177 0.187548 0.001397 -0.003959
0.113993 -2.683542 9.250963 0.194997 -0.000732 -0.001830
0.123558 -2.640586 9.265251 0.201382 -0.000732 0.001362
0.085571 -2.645335 9.324532 0.213089 0.003525 0.005619
0.064022 -2.611919 9.300719 0.216282 -0.003924 0.007748
0.126107 -2.633419 9.322276 0.220538 -0.003924 0.007748
0.121588 -2.604764 9.412541 0.233309 -0.002860 0.008812
0.042742 -2.592808 9.367177 0.238630 0.000333 0.003491
0.040024 -2.521228 9.262653 0.243951 0.001397 0.000298
0.047188 -2.490205 9.269805 0.256722 -0.001796 0.006684
0.020889 -2.454399 9.253105 0.267364 -0.002860 0.007748
0.080772 -2.452023 9.341178 0.269493 0.000333 0.008812
0.106828 -2.449656 9.279487 0.286520 -0.002860 0.000298
0.173751 -2.449675 9.327194 0.288648 -0.003924 -0.001830
0.142846 -2.428179 9.365119 0.304612 -0.004988 -0.003959
0.092704 -2.502145 9.336453 0.321639 -0.003924 -0.000766
-0.019258 -2.435269 9.393154 0.338667 -0.003924 0.003491
0.001966 -2.382787 9.317204 0.356759 -0.004988 0.000298
0.102393 -2.368493 9.405396 0.374850 -0.004988 -0.000766
0.064418 -2.370854 9.469427 0.391878 -0.003924 -0.003959
0.183571 -2.299311 9.443653 0.411034 -0.004988 -0.001830
0.133256 -2.234866 9.374624 0.432318 -0.006053 0.002427
0.176385 -2.203847 9.446023 0.455731 -0.003924 0.006684
0.061799 -2.077319 9.429082 0.467437 0.002461 -0.001830
0.040395 -2.110719 9.445643 0.482336 -0.000732 -0.007151
0.016408 -1.943658 9.421844 0.489786 -0.007117 -0.006087
0.166595 -1.855418 9.408040 0.494043 -0.003924 -0.011408
0.200241 -1.779048 9.505551 0.495107 -0.001796 -0.010344
0.059468 -1.688305 9.500406 0.499364 -0.004988 -0.003959
-0.014562 -1.671575 9.471685 0.501492 -0.002860 -0.003959
0.092728 -1.635821 9.462501 0.497236 -0.006053 -0.005023
0.164371 -1.509357 9.510242 0.496171 -0.003924 -0.008216
0.245330 -1.430640 9.474854 0.490850 -0.003924 -0.009280
0.198204 -1.277850 9.693301 0.479144 0.001397 -0.005023
0.104926 -1.098835 9.628916 0.455731 -0.006053 -0.006087
0.016820 -0.991396 9.692820 0.430190 -0.001796 -0.003959
0.047630 -0.984260 9.626392 0.406777 -0.001796 0.010940
0.078558 -1.046327 9.590837 0.382300 -0.006053 0.016262
0.154770 -1.077389 9.548292 0.362080 -0.004988 0.008812
0.207405 -1.067854 9.605461 0.351437 -0.000732 -0.000766
0.162184 -0.943730 9.655239 0.334410 -0.004988 -0.003959
0.047440 -0.905514 9.571764 0.312061 -0.001796 0.006684
0.011613 -0.919821 9.552652 0.303548 -0.001796 0.014133
-0.049943 -0.905453 9.711645 0.281199 -0.002860 0.013069
0.145322 -0.927026 9.600553 0.266300 -0.002860 0.009876
0.224044 -0.974788 9.598399 0.259915 -0.002860 0.008812
0.243023 -0.962869 9.565196 0.255658 -0.001796 0.004555
0.200323 -0.884082 9.655359 0.241823 0.000333 -0.006087
0.088136 -0.826765 9.633661 0.235438 0.000333 -0.009280
0.026340 -0.747972 9.719017 0.221603 -0.003924 -0.001830
0.059676 -0.728896 9.702488 0.204575 -0.002860 0.002427
0.147546 -0.748044 9.569704 0.192869 -0.000732 0.005619
0.152598 -0.793375 9.659986 0.184355 -0.001796 0.004555
0.209828 -0.829197 9.650644 0.170520 -0.001796 -0.005023
0.197922 -0.724182 9.672007 0.160942 -0.002860 -0.010344
0.109539 -0.666877 9.633749 0.154557 0.001397 -0.007151
0.050041 -0.664460 9.678715 0.144979 0.000333 -0.001830
0.021550 -0.628643 9.728525 0.131144 -0.000732 0.003491
0.140599 -0.626315 9.657602 0.124759 -0.000732 0.006684
0.188167 -0.671686 9.605469 0.111988 0.001397 0.003491
0.209677 -0.745676 9.610271 0.106667 -0.000732 -0.000766
0.116514 -0.755193 9.560110 0.107731 -0.000732 0.002427
0.121524 -0.623921 9.659923 0.103474 -0.000732 0.006684
0.109740 -0.597656 9.712157 0.092832 -0.001796 0.003491
0.045177 -0.621505 9.652575 0.088575 -0.003924 0.003491
0.059561 -0.664465 9.671615 0.089639 -0.001796 0.001362
0.147787 -0.779056 9.648096 0.089639 0.001397 0.002427
0.183523 -0.867375 9.622054 0.101346 -0.001796 0.004555
0.155039 -0.743255 9.686132 0.111988 0.000333 0.000298
0.157194 -0.721790 9.610122 0.116245 -0.000732 -0.002894
0.130977 -0.719392 9.617174 0.122630 -0.000732 -0.002894
0.100273 -0.626287 9.733505 0.129016 -0.002860 0.004555
0.038099 -0.607179 9.681064 0.122630 0.000333 0.003491
0.164490 -0.657348 9.667169 0.122630 0.003525 -0.000766
0.092621 -0.526075 9.576707 0.122630 0.001397 -0.002894
0.185867 -0.554739 9.650619 0.119438 -0.000732 0.005619
0.143110 -0.611990 9.702749 0.121566 -0.002860 0.005619
0.121815 -0.573787 9.766836 0.124759 0.001397 0.000298
0.219362 -0.499855 9.693486 0.121566 -0.001796 -0.000766
0.185704 -0.456899 9.607872 0.121566 -0.003924 -0.001830
0.104714 -0.495046 9.638514 0.121566 0.001397 0.000298
0.081199 -0.435354 9.761988 0.122630 -0.002860 0.002427
0.126115 -0.382889 9.631468 0.114116 -0.000732 0.002427
0.152259 -0.359039 9.603039 0.109860 0.000333 0.005619
0.107253 -0.392416 9.705055 0.102410 -0.001796 0.001362
0.126412 -0.397193 9.731242 0.089639 -0.000732 -0.005023
0.145319 -0.342319 9.679042 0.083254 0.000333 -0.005023
0.100310 -0.335124 9.785816 0.077933 0.004590 -0.007151
0.090630 -0.296943 9.743032 0.064098 0.001397 -0.007151
0.092611 -0.239688 9.612388 0.054520 0.002461 0.002427
0.102454 -0.304113 9.707431 0.047071 -0.001796 0.006684
0.085630 -0.382870 9.652730 0.038557 -0.002860 0.009876
0.143049 -0.406749 9.709908 0.042814 -0.001796 0.006684
0.235882 -0.404409 9.646036 0.044942 0.000333 0.004555
0.147643 -0.380508 9.652910 0.047071 0.002461 -0.001830
0.114361 -0.361396 9.693203 0.040685 0.000333 -0.005023
0.173932 -0.356650 9.674372 0.044942 0.002461 -0.007151
0.111863 -0.373334 9.652808 0.046006 -0.000732 -0.006087
0.107221 -0.382872 9.695554 0.049199 0.002461 0.000298
0.135702 -0.411529 9.643368 0.054520 -0.002860 -0.000766
0.166763 -0.356648 9.669600 0.054520 -0.000732 -0.008216
0.176323 -0.301760 9.683889 0.052392 0.000333 -0.009280
0.097441 -0.373335 9.614756 0.053456 0.002461 -0.003959
-0.000111 -0.275434 9.709513 0.052392 0.001397 0.003491
0.109533 -0.232523 9.690834 0.049199 0.001397 0.003491
0.116723 -0.285028 9.695598 0.050263 -0.003924 0.003491
0.111701 -0.313679 9.605303 0.050263 0.000333 0.004555
0.145318 -0.251629 9.690934 0.044942 -0.003924 0.002427
0.087946 -0.313664 9.638494 0.048135 0.001397 -0.005023
0.090425 -0.234904 9.681274 0.044942 0.001397 -0.002894
0.090283 -0.225365 9.633763 0.039621 -0.000732 0.001362
0.164332 -0.206296 9.674368 0.037493 -0.000732 0.004555
0.147597 -0.263569 9.652929 0.030043 -0.001796 0.003491
0.130702 -0.268346 9.583984 0.028979 -0.000732 0.004555
0.140589 -0.268331 9.702796 0.031107 -0.000732 0.004555
0.161762 -0.194372 9.612596 0.025786 0.000333 0.004555
0.107129 -0.220590 9.686076 0.025786 -0.000732 0.004555
0.111848 -0.160931 9.676598 0.016208 0.001397 0.005619
0.099886 -0.086945 9.674200 0.008759 0.002461 0.003491
0.064629 -0.175205 9.840378 -0.001883 0.003525 0.003491
0.109504 -0.177634 9.688467 -0.004012 0.000333 0.001362
0.138102 -0.275495 9.667153 -0.006140 0.001397 0.006684
0.166730 -0.273120 9.669613 -0.000819 -0.003924 0.006684
0.131099 -0.397199 9.702748 0.000245 0.000333 0.001362
0.085616 -0.258769 9.664628 0.006630 0.003525 -0.005023
0.128454 -0.318456 9.624356 0.014080 0.002461 -0.009280
0.109409 -0.323219 9.636180 0.020465 -0.000732 -0.007151
0.061759 -0.244441 9.664560 0.019401 0.000333 0.000298
0.159550 -0.280278 9.660088 0.024722 -0.002860 0.003491
0.109394 -0.180026 9.650455 0.023658 -0.001796 0.000298
0.166950 -0.199124 9.755148 0.019401 0.001397 -0.003959
0.173667 -0.211084 9.603125 0.014080 0.001397 -0.001830
0.073809 -0.227733 9.709735 0.015144 0.000333 0.001362
0.145062 -0.129929 9.619683 0.006630 0.002461 -0.000766
0.107195 -0.230133 9.707457 0.008759 0.001397 0.000298
0.073676 -0.189555 9.669356 0.009823 -0.000732 -0.000766
0.171295 -0.313704 9.593598 0.009823 0.000333 0.002427
0.183368 -0.285062 9.648277 0.017273 0.001397 0.001362
0.173800 -0.249262 9.643504 0.023658 -0.000732 0.001362
0.075842 -0.265938 9.583825 0.026850 -0.000732 -0.003959
0.080607 -0.199116 9.590978 0.032172 -0.002860 0.000298
0.097249 -0.237311 9.567263 0.033236 0.002461 0.001362
0.128639 -0.242076 9.698014 0.037493 0.004590 0.001362
0.102398 -0.285024 9.690804 0.041750 0.000333 0.001362
0.140525 -0.282654 9.679038 0.046006 -0.001796 -0.000766
0.085716 -0.232512 9.702642 0.050263 0.001397 -0.005023
0.113972 -0.201518 9.581572 0.052392 0.001397 -0.001830
0.032979 -0.249211 9.609836 0.056649 0.001397 -0.003959
0.157250 -0.163331 9.705236 0.056649 -0.002860 0.000298
0.185624 -0.168129 9.619796 0.059841 -0.000732 -0.002894
0.176470 -0.113213 9.759941 0.057713 0.000333 -0.001830
0.090445 -0.110801 9.705051 0.055584 -0.002860 -0.002894
0.090325 -0.106035 9.664665 0.055584 -0.001796 -0.002894
0.052199 -0.144202 9.671676 0.055584 0.000333 0.000298
0.128524 -0.127527 9.674276 0.051328 0.001397 0.002427
0.223831 -0.089385 9.646051 0.054520 -0.000732 -0.002894
0.159656 -0.129919 9.717128 0.055584 -0.001796 -0.001830
0.107223 -0.125123 9.731230 0.055584 -0.003924 0.000298
0.114302 -0.106037 9.707497 0.054520 -0.002860 0.003491
0.066394 -0.132282 9.633708 0.064098 -0.001796 0.002427
0.111405 -0.144249 9.526933 0.067291 -0.003924 0.000298
0.197626 -0.168129 9.645963 0.072612 -0.004988 -0.002894
0.142753 -0.113217 9.648187 0.082190 -0.002860 -0.000766
0.159489 -0.055944 9.669626 0.083254 0.000333 -0.002894
0.140301 0.003721 9.641072 0.080061 -0.002860 -0.001830
0.087713 0.046694 9.607667 0.077933 -0.001796 0.000298
0.132876 0.001323 9.548400 0.075805 -0.000732 0.002427
1.008074 -0.495437 9.432080 -0.007205 0.019489 -0.007151
0.157167 0.516835 9.769487 0.017273 -0.022016 0.012005
-0.296490 0.383341 9.585224 -0.018911 0.014168 0.000298
0.392774 -0.001171 9.520646 -0.007205 -0.004988 0.012005
0.093307 -0.141802 9.864223 -0.019975 0.004590 0.013069
0.271457 -0.280333 9.593895 -0.009333 0.000333 0.005619
0.138136 -0.184804 9.690925 -0.013590 -0.002860 -0.008216
0.092722 -0.048757 9.676559 -0.004012 0.000333 -0.008216
0.080858 0.022848 9.707420 -0.008269 -0.002860 0.001362
0.080899 0.077741 9.728810 -0.008269 0.002461 0.007748
0.170962 0.070514 9.531891 -0.009333 0.002461 0.008812
0.166626 -0.027310 9.667275 -0.012526 0.003525 0.004555
0.145082 -0.094129 9.631568 -0.011461 -0.002860 0.000298
0.159177 -0.075054 9.560342 -0.010397 0.002461 -0.000766
0.095023 -0.063082 9.645681 -0.009333 0.000333 0.000298
0.140279 -0.046398 9.626810 -0.009333 0.002461 -0.007151
0.199855 -0.070290 9.605597 -0.005076 0.000333 -0.005023
0.166505 -0.036862 9.624512 -0.011461 -0.003924 -0.011408
0.209534 0.051429 9.669789 -0.012526 0.001397 -0.007151
0.128345 -0.077419 9.619643 -0.007205 -0.003924 -0.002894
0.171603 -0.096510 9.729046 -0.011461 -0.000732 0.001362
0.235660 0.084824 9.636611 -0.011461 -0.002860 0.006684
0.059418 0.168438 9.735888 -0.009333 0.002461 0.021583
-0.121772 -0.315958 9.697275 0.011951 -0.003924 0.044995
0.102413 -0.041593 9.728853 -0.007205 -0.001796 0.050317
0.195070 -0.208709 9.581806 -0.005076 -0.000732 0.049252
0.322137 0.096756 9.848295 -0.012526 -0.003924 0.021583
0.116479 0.103968 9.664775 -0.009333 0.003525 -0.002894
0.004302 0.030025 9.628802 0.002373 -0.008181 -0.005023
-0.100414 -0.060610 9.695003 -0.006140 0.001397 -0.005023
0.135830 -0.122748 9.726562 -0.007205 -0.004988 -0.000766
0.283641 -0.127584 9.703234 -0.010397 -0.000732 -0.007151
0.217106 -0.301763 9.764780 -0.006140 -0.001796 -0.014601
0.083634 -0.194309 9.811922 0.000245 -0.007117 -0.020986
-0.038457 -0.005747 9.683313 0.003438 -0.004988 -0.008216
-0.038604 -0.089285 9.621532 0.007695 -0.008181 -0.002894
0.030577 0.003765 9.638377 0.008759 -0.007117 0.010940
0.185806 -0.015379 9.702968 0.015144 -0.010310 0.016262
0.243073 -0.110863 9.698367 0.019401 -0.011374 0.002427
0.204867 -0.349506 9.650706 0.003438 -0.004988 -0.015665
0.194247 -0.516490 10.075888 0.086447 0.000333 0.012005
0.320158 -0.421105 9.917102 0.190740 -0.003924 0.021583
0.107148 -0.564254 9.645638 0.220538 -0.000732 -0.002894
0.055545 -0.802843 9.911521 0.257786 -0.003924 -0.017793
0.108355 -0.588054 10.056623 0.334410 -0.004988 -0.013537
0.231590 -0.509390 9.795671 0.406777 -0.003924 -0.006087
0.131508 -0.659699 9.807236 0.466373 -0.004988 0.003491
0.098261 -0.588081 9.866542 0.531291 -0.008181 -0.006087
0.098144 -0.380456 9.854696 0.588758 -0.010310 -0.018858
0.164585 -0.163324 9.767025 0.633456 -0.010310 -0.026307
0.219416 0.010872 9.781466 0.674960 -0.010310 -0.026307
0.235862 -0.003468 9.693612 0.705823 -0.006053 -0.026307
0.166830 0.015660 9.743303 0.734556 -0.004988 -0.036949
0.123815 0.049084 9.719427 0.801602 -0.009245 -0.020986
0.023769 0.211417 9.785680 0.861199 -0.009245 0.015197
0.190284 0.321109 9.648394 0.901639 -0.010310 0.026904
0.209111 0.490533 9.584332 0.921859 -0.008181 0.005619
0.311470 0.807895 9.558549 0.935694 -0.012438 -0.014601
0.132388 1.075250 9.527187 0.937822 -0.012438 -0.019922
0.122446 1.301955 9.420292 0.919731 -0.009245 -0.012472
-0.028098 1.414168 9.339101 0.904832 -0.012438 -0.002894
0.064736 1.903367 9.341823 0.861199 -0.012438 -0.010344
0.131373 2.063232 9.313533 0.809052 -0.010310 -0.017793
0.269526 2.235000 9.273577 0.752648 -0.008181 -0.016729
0.252664 2.409216 9.240296 0.690923 -0.007117 0.002427
0.250371 2.437861 9.275928 0.630263 -0.004988 0.024775
0.238315 2.363875 9.221242 0.566410 -0.003924 0.024775
0.200658 2.208791 9.373149 0.520648 -0.007117 0.021583
0.110167 2.037002 9.398992 0.495107 -0.007117 0.015197
0.124459 1.855617 9.368120 0.480208 -0.006053 0.006684
0.148980 1.793593 9.589116 0.492979 -0.006053 0.002427
0.222443 1.857975 9.434923 0.489786 -0.003924 0.007748
0.160490 1.898574 9.460881 0.499364 -0.004988 0.007748
0.062597 1.979751 9.436854 0.505749 -0.003924 -0.003959
0.117289 2.032224 9.387134 0.508942 -0.010310 -0.011408
0.153247 2.032220 9.449004 0.515327 -0.004988 -0.014601
0.148203 2.058459 9.358719 0.520648 -0.012438 -0.015665
0.107656 2.230308 9.382385 0.524905 -0.004988 -0.019922
0.234102 2.268445 9.399388 0.523841 -0.010310 -0.015665
0.262314 2.428311 9.280712 0.516391 -0.001796 -0.013537
0.143359 2.557249 9.401546 0.513199 -0.004988 -0.003959
0.164314 2.676541 9.242456 0.500428 -0.007117 0.000298
0.212043 2.786305 9.266370 0.472758 -0.006053 -0.006087
0.254859 2.888904 9.240378 0.447217 -0.006053 -0.012472
0.223816 3.118024 9.259330 0.401456 -0.004988 -0.019922
0.187562 3.187223 9.104818 0.362080 -0.002860 -0.018858
0.147100 3.196790 9.135586 0.322704 -0.001796 -0.009280
0.123389 3.122823 9.173516 0.288648 -0.002860 0.002427
0.066330 3.060806 9.227980 0.257786 -0.003924 0.001362
0.132977 3.003494 9.173525 0.231181 0.000333 -0.000766
0.149965 2.984411 9.270972 0.204575 -0.003924 -0.002894
0.183103 2.993930 9.185547 0.181162 -0.000732 -0.003959
0.163915 3.072689 9.159372 0.156685 -0.001796 -0.007151
0.166299 3.144284 9.168893 0.126887 -0.000732 -0.005023
0.144815 3.258847 9.178350 0.093896 -0.001796 0.000298
0.204432 3.270756 9.176150 0.060906 0.001397 0.007748
0.125781 3.263630 9.194925 0.031107 -0.001796 0.004555
0.118560 3.149074 9.156876 0.001309 0.006718 0.000298
0.066237 3.137171 9.206612 -0.029553 0.002461 -0.008216
0.109106 3.139537 9.185355 -0.046581 0.001397 -0.001830
0.173660 3.027351 9.223535 -0.065737 0.001397 0.001362
0.226122 3.003464 9.216557 -0.087021 0.002461 -0.000766
0.102153 2.962945 9.230445 -0.099792 0.004590 -0.002894
0.133201 2.805422 9.223382 -0.104049 0.003525 0.004555
0.164243 2.838823 9.240108 -0.116819 0.004590 0.002427
0.207144 2.867443 9.233109 -0.124269 0.002461 0.001362
0.252413 2.919927 9.223746 -0.127461 0.001397 -0.001830
0.161643 2.962914 9.183104 -0.140232 0.001397 -0.000766
0.157118 2.919971 9.261480 -0.155131 0.004590 0.001362